"ind_ID";"ind_gender";"ind_age";"ind_edu";"ind_happy";"ind_atwork";"ind_income";"hh_pos";"hh_nadult";"hh_nchild";"hh_income";"health_fys";"health_emo";"leis_time"
10101;1;59;3;63;1;1860;2;2;0;1860;3;37;30
10102;2;38;3;73;1;4600;2;2;0;4600;100;88;18
10105;2;44;3;66;1;3600;1;1;2;3929;83;80;10
10202;2;30;3;77;1;800;1;1;2;1057;83;67;4
10203;1;60;3;80;1;1500;2;2;0;1500;100;88;3
10205;1;50;3;75;1;3000;2;2;0;4100;100;77;20
10208;2;54;3;86;1;1800;1;2;0;1918;93;92;24
10302;2;69;1;50;0;1460;2;2;0;2910;11;53;40
10402;2;47;3;76;1;2300;2;2;0;2300;77;88;10
10406;2;31;2;24;1;1200;2;2;1;2806;12;63;7
10502;1;49;3;54;1;2000;1;3;0;2118;100;33;14
10503;1;22;1;69;1;1400;-;6;0;2600;100;55;52
10507;2;26;1;32;0;1300;1;1;1;1390;4;18;45
10508;1;33;1;40;0;950;1;1;0;950;48;63;21
10512;1;32;1;57;0;1250;1;1;1;1340;50;45;10
10513;2;67;3;80;0;2003;1;1;0;2003;12;82;46
10601;1;25;3;74;1;1700;2;2;0;1700;97;83;25
10602;2;32;1;53;0;900;1;1;1;990;93;52;21
10603;2;51;1;70;0;500;-;3;0;1490;89;87;25
10604;2;30;1;77;0;1030;1;1;5;2122;93;83;7
10605;1;32;1;76;1;1500;2;2;2;1757;100;78;20
10607;1;65;1;65;0;1420;1;1;0;1420;89;83;55
10610;1;64;2;77;0;3400;2;2;0;3400;8;87;80
10702;2;37;2;78;0;1200;1;2;0;1318;53;85;10
10703;1;62;2;83;1;667;2;2;0;2027;93;100;7
10801;2;23;1;7;1;1240;1;1;0;1240;89;32;4
10803;1;40;2;70;1;1450;1;1;0;1450;100;90;30
10806;2;31;2;78;1;1300;2;2;0;1300;86;80;4
10808;1;57;2;31;0;750;2;3;1;1803;41;57;28
10810;1;26;2;88;0;1150;1;1;0;1150;100;87;14
10812;1;24;-;73;1;1400;2;2;0;3200;97;82;49
10902;1;29;2;79;1;2750;2;2;0;2750;97;80;20
10903;1;57;1;56;0;1050;2;2;0;3250;19;30;6
10904;1;71;2;95;0;1200;2;3;0;1200;56;75;5
10909;2;50;3;67;1;1400;2;3;0;4718;11;57;28
10910;1;31;1;71;1;1900;1;1;0;1900;100;83;10
10911;2;25;3;70;1;2000;2;2;0;4100;100;82;10
10912;2;33;1;40;0;1080;1;1;3;1642;93;73;17
11003;2;52;3;75;1;1300;1;1;0;1300;97;93;7
11007;1;49;1;58;1;2000;2;2;1;2090;33;82;21
11009;2;31;2;58;1;900;2;2;1;990;32;42;4
11010;1;53;2;86;1;2750;2;2;0;2750;100;100;13
11012;1;64;3;73;0;2156;2;2;0;4195;96;55;42
11102;2;62;1;63;1;1527;1;1;0;1527;89;63;30
11104;2;25;2;71;0;1000;2;2;2;4057;97;72;20
11107;1;55;3;63;1;2400;1;1;0;2400;89;70;12
11109;1;69;3;71;0;950;1;1;0;950;100;88;40
11111;2;65;3;66;0;1900;2;2;0;3408;93;63;28
11201;2;74;2;62;0;889;2;2;0;2381;7;25;30
11204;2;41;2;74;1;1150;1;1;2;1479;93;80;30
11205;2;45;2;78;1;2200;1;2;0;2318;100;85;28
11207;1;46;1;51;0;1100;1;1;0;1100;97;55;40
11208;1;39;2;78;1;1800;2;2;0;2650;83;72;14
11209;2;67;1;81;0;520;2;2;0;2520;48;90;40
11210;1;68;3;92;0;1150;2;2;0;2500;89;97;60
11212;2;54;3;74;1;1845;1;1;1;1959;100;85;12
11301;1;65;1;63;0;408;2;3;0;1758;93;83;21
11401;1;88;2;81;0;2050;2;2;0;4100;100;78;70
11403;2;40;3;63;1;2600;1;1;1;2706;82;77;4
11404;2;35;2;56;1;700;2;2;2;3473;97;72;5
11408;2;61;2;56;0;1300;2;4;0;9775;89;65;40
11413;2;49;2;77;1;2000;1;2;0;2118;100;82;20
11503;2;42;2;72;1;2300;-;2;0;8600;83;83;7
11505;2;60;2;71;1;1000;1;2;0;1118;86;65;16
11511;2;18;1;72;1;280;3;3;0;3648;100;80;45
11513;1;45;3;71;1;3000;2;2;2;4804;100;83;3
11601;2;29;3;77;1;1300;2;3;1;3190;83;77;15
11603;1;47;1;76;1;2400;2;2;1;2514;97;75;40
11604;2;61;1;88;0;1200;2;2;0;2400;100;88;31
11606;2;83;2;85;0;1302;1;1;0;1302;100;78;73
11608;2;76;1;75;0;1200;1;1;0;1200;33;78;56
11609;2;55;1;76;1;970;1;2;0;1088;100;95;20
11702;2;83;1;70;0;1300;1;1;0;1612;97;80;28
11703;1;92;1;70;0;811;1;1;0;811;89;88;28
11704;2;75;2;70;1;1380;2;2;0;1380;100;82;29
11705;1;54;1;63;1;1750;1;3;0;2096;100;87;45
11706;1;77;3;94;0;1800;1;1;0;1800;100;98;40
11709;2;57;1;30;1;945;2;2;0;2412;0;12;21
11711;1;33;3;88;1;1700;2;2;0;3560;100;70;8
11804;1;37;2;62;1;2000;2;2;0;2000;97;82;18
11806;1;27;2;72;1;1600;1;1;0;1600;89;82;28
11807;2;68;2;58;1;1600;2;2;0;3100;87;68;11
11810;2;72;2;76;0;1198;1;1;0;1198;100;92;28
11902;2;50;2;72;1;1480;1;1;0;1480;97;85;24
11908;1;28;3;71;1;2150;2;2;0;2150;97;83;21
12003;2;47;1;48;1;1300;1;1;2;1629;62;43;2
12006;1;68;2;74;0;1675;2;2;0;3555;89;83;21
12007;2;85;3;70;0;1500;1;1;0;1500;47;78;35
12108;1;69;3;75;0;1400;1;1;0;1400;85;97;0
12111;1;59;1;65;1;1800;1;1;0;1800;93;98;8
12201;2;39;3;71;0;1300;1;1;1;1406;32;60;16
12204;2;40;3;82;1;1550;2;2;2;6141;100;90;0
12206;1;39;1;64;0;1250;1;1;0;1250;8;50;10
12208;2;80;1;82;0;1350;1;1;0;1350;93;87;0
12210;2;78;1;31;0;950;1;1;0;950;8;23;3
12302;1;30;1;84;1;2150;2;2;0;4700;48;65;20
12305;2;62;3;70;0;2000;2;3;0;3900;100;90;15
12308;2;50;2;66;1;1100;1;2;0;1218;100;72;4
12309;2;71;3;89;0;700;2;2;0;2260;93;87;30
12402;1;57;3;57;0;1300;1;1;0;1300;100;43;10
12403;1;46;2;88;1;1550;2;3;0;5300;93;83;10
12404;1;69;3;70;0;2200;1;2;0;2200;100;75;14
12405;1;65;3;74;0;1600;1;1;0;1600;100;87;25
12408;1;55;1;66;1;2585;2;3;0;3885;51;27;25
12504;2;54;1;39;0;1000;1;1;1;1114;8;25;21
12506;2;48;3;80;1;2000;2;3;2;3280;100;83;14
12508;2;43;3;62;1;2200;1;1;2;2200;59;67;7
12510;2;30;3;82;1;2000;2;2;2;2257;100;73;15
12558;1;69;-;11;0;1460;1;1;0;1460;100;27;55
12603;1;58;2;76;1;4000;2;3;0;5918;100;90;21
12604;1;33;2;64;1;2200;2;2;1;3640;76;38;6
12605;2;69;1;77;0;479;2;2;0;3579;100;98;60
12606;2;35;1;73;1;1250;1;1;1;1356;100;82;4
12607;2;48;2;55;0;1280;1;3;0;1626;93;85;40
12701;1;67;1;68;0;2500;2;2;0;2500;97;87;49
12705;2;69;2;59;0;140;2;2;0;2140;86;40;42
12708;1;50;2;70;0;1400;1;1;0;1400;73;80;40
12801;2;31;2;84;1;900;2;2;2;7790;100;82;15
12806;2;34;3;78;1;1300;2;2;2;3257;100;77;4
12809;1;62;2;74;0;1850;2;2;0;1850;89;95;21
12811;2;37;2;82;1;1700;1;1;1;1806;97;72;28
12902;2;60;3;72;1;5000;2;2;0;6700;100;77;16
12905;1;62;1;52;0;3420;1;1;0;3420;15;67;4
12906;1;59;3;83;1;2100;2;2;0;4450;76;87;14
12908;2;75;3;82;0;1650;1;1;0;2220;82;72;35
12910;1;29;3;54;1;2100;3;4;1;7614;93;78;20
13004;2;52;3;74;1;2300;2;3;0;7050;8;65;15
13107;2;49;3;71;1;2200;2;4;1;7643;100;87;14
13108;1;53;1;63;0;1300;1;2;0;1418;0;65;30
13201;2;68;3;78;0;700;2;2;0;3150;100;87;21
13205;1;69;2;63;0;1675;-;2;0;4300;0;75;40
13302;2;53;1;46;0;1100;1;2;2;2557;11;80;20
13307;1;59;2;71;1;1700;2;3;0;3800;93;98;25
13401;2;56;3;74;1;1700;1;2;0;2755;100;88;15
13402;1;26;3;72;1;1000;2;2;0;2597;93;95;25
13407;1;85;3;79;0;2900;1;1;0;2900;93;60;28
13503;2;59;2;93;1;2083;1;2;0;2083;100;87;7
13601;2;42;2;72;1;1650;1;1;0;1650;90;95;10
13705;2;77;2;74;0;1700;1;1;0;1700;100;92;3
13706;2;47;2;75;1;1800;1;3;0;1918;97;90;20
13709;1;31;3;74;1;2400;2;2;0;2400;97;63;25
13803;2;71;1;73;0;990;1;1;0;990;15;55;47
13807;2;49;1;92;1;1450;2;2;1;2756;100;83;20
14001;1;42;2;68;1;1650;2;2;0;2950;100;82;25
14004;2;37;2;74;1;1300;2;2;3;1854;96;57;0
14005;1;44;2;70;1;3800;2;2;2;4113;97;78;21
14008;2;77;1;84;0;1059;1;1;0;1059;15;82;50
14009;2;69;3;48;0;2300;2;2;0;2300;-;-;7
14107;2;74;1;94;0;1300;1;1;0;1550;93;87;35
14111;2;41;3;76;1;1700;2;2;1;3690;33;75;0
14112;1;70;3;77;0;1900;2;2;0;3800;65;80;40
14201;2;54;1;64;1;1000;1;1;0;1000;93;90;7
14210;1;43;2;41;1;2000;2;2;4;2756;100;47;10
14307;1;40;3;85;1;2050;2;2;3;4082;97;93;2
14308;2;37;3;77;1;1990;2;2;2;4763;15;80;20
14310;1;61;1;78;0;1300;1;1;0;1300;89;82;40
14403;2;57;1;68;0;900;2;2;0;2400;23;38;2
14404;2;45;1;51;0;1032;1;1;0;1032;8;38;0
14407;2;52;2;93;0;1350;1;2;0;1468;0;87;35
14504;2;35;3;76;1;1800;2;2;2;5307;96;43;7
14505;1;23;2;90;1;6400;-;4;0;7850;100;87;8
14509;2;39;2;65;1;1700;1;1;2;2029;44;77;5
14510;1;73;3;74;0;2600;2;2;0;2600;100;97;25
14601;1;29;2;59;0;1150;1;1;0;1150;93;72;35
14701;2;49;2;69;1;1875;1;1;2;2204;89;73;20
14705;2;74;1;51;0;850;1;1;0;850;41;62;30
14802;2;68;1;82;0;1250;2;2;0;1250;100;80;10
14804;2;73;3;87;0;3500;2;2;0;7000;90;85;5
14806;2;41;3;71;1;1000;2;2;2;2429;58;70;7
14811;2;40;2;66;1;1700;-;2;0;1700;89;75;20
14812;1;85;1;74;0;950;2;2;0;1900;15;48;0
14813;2;73;1;71;0;950;2;2;0;1900;97;75;5
14903;1;75;3;49;0;1900;2;2;0;3250;100;88;42
14913;2;66;2;76;0;400;2;2;0;1600;97;87;40
15006;2;41;2;75;1;1900;1;2;0;2018;100;92;10
15008;1;64;1;93;0;1400;2;2;0;2800;28;77;40
15009;2;53;2;64;1;2300;2;5;0;6662;100;77;7
15010;1;51;2;69;1;2150;2;2;0;3250;69;55;10
15013;1;51;3;37;0;1000;1;1;1;1114;53;27;35
15102;2;29;2;85;1;2100;1;1;3;2654;83;90;7
15106;1;44;3;87;1;3330;2;2;4;5971;100;98;3
15107;2;62;2;63;0;1450;2;2;0;1596;96;48;15
15108;1;56;1;77;1;1600;1;1;0;1600;41;83;7
15109;2;50;3;20;1;2200;2;4;0;5846;77;87;24
15201;1;36;3;72;1;2550;2;2;2;2863;100;82;14
15303;2;29;3;80;1;1620;1;1;0;1620;100;88;16
15309;2;78;3;65;0;1995;1;1;0;1995;89;80;40
15311;1;57;1;72;1;2500;2;2;1;2614;100;97;49
15312;1;40;3;71;1;14000;2;2;2;14304;100;92;20
15313;1;47;2;47;1;3333;2;3;0;6961;11;62;15
15407;1;24;2;66;1;5000;1;1;0;5000;100;62;14
15410;1;70;3;72;0;1500;1;1;0;1500;93;87;40
15411;1;53;2;77;1;2950;2;4;0;3068;53;72;8
15503;2;27;2;65;1;1380;2;2;1;3270;93;78;7
15504;1;29;2;85;1;1353;2;2;0;2783;26;72;30
15605;2;54;1;69;1;1795;1;2;0;1795;100;80;25
15609;2;35;2;63;0;1100;1;3;4;2571;100;87;7
15702;1;61;3;68;1;4167;2;2;0;8567;56;70;8
15703;1;58;2;64;0;1500;1;1;0;1500;8;65;21
15708;2;35;3;65;1;1550;1;1;1;2630;97;70;40
15801;2;23;2;55;1;1250;2;2;0;3089;69;72;36
15802;1;38;3;79;1;3280;2;2;0;6397;100;85;10
15806;2;28;1;45;1;1200;1;1;2;1473;67;18;14
15810;1;63;2;67;1;2745;2;2;0;2745;46;72;50
15811;1;33;3;86;1;2279;2;2;1;6119;86;87;25
15813;2;58;2;72;1;1400;1;2;0;1518;56;88;18
15909;1;65;1;66;0;1615;1;1;0;1615;86;87;8
15911;2;66;1;86;0;1289;1;1;0;1289;100;90;70
16006;1;60;2;47;0;1550;2;2;0;2500;93;38;35
16011;1;46;2;91;1;3500;1;1;1;3500;23;77;4
16103;2;52;2;81;1;1600;2;2;0;1600;100;83;24
16105;2;66;2;76;0;1500;2;2;0;1500;100;77;21
16106;1;61;1;81;0;4000;2;2;0;6000;100;82;80
16107;2;53;3;83;0;3500;2;2;0;3500;8;67;42
16109;2;57;3;72;1;1500;2;2;0;1500;100;67;20
16202;2;28;3;66;1;1782;1;1;0;1782;33;72;6
16205;2;76;3;77;0;1600;2;2;0;3300;100;72;21
16211;1;85;1;80;0;1200;2;2;0;2300;53;80;86
16302;2;39;3;78;0;600;1;1;3;1193;24;63;21
16304;2;35;3;59;1;2850;1;1;0;2850;100;70;25
16305;2;50;1;50;1;1900;2;2;0;4100;100;80;8
16306;2;50;2;78;1;1900;1;2;0;2018;100;77;25
16308;2;46;3;86;1;3110;1;2;1;3443;97;83;30
16309;1;72;1;82;0;2200;2;2;0;2600;56;95;41
16310;1;78;1;79;0;1448;1;1;0;1448;100;83;36
16401;1;48;2;56;1;1850;1;1;0;1850;97;85;14
16403;2;49;2;71;1;1700;1;1;2;2013;18;43;3
16407;2;31;3;72;1;2180;2;2;1;3770;93;63;10
16408;1;57;2;77;1;2200;2;2;0;2200;76;80;35
16410;2;63;2;67;0;1300;1;1;0;1300;100;48;47
20102;2;50;3;33;1;3300;2;2;0;6750;8;28;10
20105;2;56;2;62;1;1400;1;2;0;2800;100;80;14
20107;1;31;2;85;1;2300;2;2;1;3390;97;95;7
20108;1;33;1;33;1;1470;1;1;0;1470;100;63;25
20113;2;24;3;76;1;2500;1;1;0;2500;100;70;21
20114;2;45;3;78;1;2500;2;4;3;5405;97;92;14
20201;2;77;1;74;0;1100;1;1;0;1100;92;88;75
20205;1;63;1;93;0;1400;1;1;0;1400;-;-;50
20207;1;64;3;75;1;2560;2;2;0;3940;93;90;32
20302;2;84;1;53;0;1900;1;1;0;1900;-;-;56
20305;1;69;3;95;1;1850;2;2;0;3200;100;92;21
20308;1;78;3;72;0;1693;2;2;0;1693;93;78;25
20401;1;50;3;86;1;2500;2;2;2;5229;93;93;14
20407;2;57;2;71;1;2150;1;1;0;2150;100;90;16
20409;1;38;-;76;1;4000;2;2;1;6406;89;82;8
20411;2;52;3;72;1;2000;2;3;0;5800;7;40;21
20503;1;26;3;68;1;1683;1;1;0;1683;100;78;24
20504;1;51;2;57;1;2100;1;3;0;2818;73;62;10
20510;1;19;1;72;1;2500;1;1;0;2500;56;58;3
20702;1;39;2;74;1;1750;2;2;3;4706;93;68;20
20704;2;79;1;84;0;1700;2;2;0;3400;58;82;35
20708;2;68;1;76;0;1800;2;2;0;3250;82;83;35
20710;2;56;2;69;1;1600;1;1;0;1600;100;85;8
20802;2;59;2;62;0;1475;1;2;0;1475;93;72;27
20803;1;51;3;71;1;1600;2;2;0;1600;100;78;14
20804;1;36;2;77;1;3800;2;2;2;4104;100;88;7
20806;1;74;2;66;0;1250;1;1;0;1250;89;83;56
20807;1;41;3;85;1;2856;2;2;2;6381;100;85;12
20809;1;36;2;65;1;1900;2;2;0;1900;100;67;35
20810;1;25;2;72;1;1500;3;3;0;3150;100;72;60
20904;1;19;2;70;1;1900;3;2;2;3329;97;88;30
20905;2;43;3;74;1;2600;2;3;5;6360;89;77;21
20906;2;34;2;77;1;1500;2;2;2;3373;100;90;7
20908;2;51;3;71;1;2300;-;3;0;5900;93;60;2
20912;2;38;3;77;1;4167;2;2;3;6552;89;70;24
21002;2;52;1;24;0;1400;1;1;3;2027;15;27;8
21004;1;41;3;65;1;1940;2;2;1;3720;100;73;3
21005;2;62;2;62;1;1500;1;1;0;1500;100;68;25
21103;1;84;1;86;0;1425;2;2;0;1825;86;88;40
21110;2;28;2;65;1;900;3;6;1;4613;97;77;20
21209;2;54;1;80;1;1000;2;2;0;1000;100;77;0
21211;1;23;2;79;1;1500;2;2;0;5300;100;90;4
21212;1;63;2;54;1;1500;1;1;0;1500;100;28;0
21213;2;43;3;82;1;1850;2;2;3;2503;100;88;3
21302;2;19;1;70;1;900;1;1;0;900;97;48;10
21304;2;33;2;83;1;1300;2;2;1;3106;100;65;1
21305;1;60;2;63;1;2300;1;1;0;2300;97;72;5
21306;1;53;3;67;1;1000;2;5;0;4546;100;58;8
21308;1;56;3;85;1;2800;2;2;0;3400;100;82;30
21309;2;43;3;66;1;2000;1;1;1;2106;66;58;3
21310;1;59;3;74;1;2400;2;2;0;2400;100;82;27
21312;1;71;3;73;0;1700;2;2;0;3120;23;45;2
21401;1;38;3;95;1;2700;2;2;1;2790;100;95;18
21402;1;35;1;76;1;1596;1;1;0;1596;100;90;8
21403;1;53;2;72;1;2400;1;1;0;2400;100;92;17
21405;2;79;1;72;0;1400;1;1;0;1400;96;93;0
21406;2;46;3;86;1;2600;1;1;1;2714;100;88;5
21407;2;28;2;63;1;1490;1;1;0;1490;100;87;20
21408;2;69;1;86;0;683;2;2;0;2680;100;98;50
21409;2;70;1;87;0;500;2;2;0;1900;100;83;30
21411;1;72;1;71;0;1100;2;2;0;2200;100;87;18
21412;1;48;3;72;1;3500;2;2;0;7133;100;70;6
21502;2;92;1;72;0;1500;1;1;0;1500;56;82;35
21505;2;71;2;73;0;1900;1;1;0;1900;85;97;56
21507;1;44;3;82;1;3900;2;2;1;5926;97;92;35
21508;1;55;1;59;0;1150;1;1;0;1150;11;38;50
21602;2;49;2;78;1;1800;2;4;0;3946;100;82;11
21702;1;35;3;67;1;2100;1;1;1;2100;100;85;12
21703;1;70;1;64;0;1600;2;2;0;1600;-;-;35
21704;2;87;1;71;0;1250;1;1;0;1250;100;85;20
21706;1;40;3;84;1;2400;2;2;2;4275;97;93;20
21708;1;56;1;78;0;1100;1;1;0;1100;-;-;42
21710;2;28;1;67;0;1250;1;1;2;1554;-;-;10
21801;2;56;3;74;1;2300;1;3;0;2646;8;43;1
21805;2;66;2;61;0;1800;2;2;0;1800;97;78;1
21809;2;78;1;72;0;1167;1;1;0;1167;97;90;20
22001;2;51;1;78;1;1480;2;2;0;3080;89;78;17
22004;1;55;1;64;1;1500;2;2;0;3870;89;90;20
22005;2;35;3;72;1;1932;2;2;2;4155;76;67;15
22011;2;61;2;60;0;1066;1;1;0;1066;15;43;15
22101;2;34;3;55;1;2700;2;2;0;2700;15;38;4
22103;1;56;2;84;0;1700;2;2;0;1700;19;87;0
22105;1;72;2;68;0;1200;1;1;0;1200;100;90;2
22106;1;56;2;66;1;2200;2;2;0;2200;96;82;17
22107;2;93;1;79;0;1080;1;1;0;1080;18;58;0
22109;2;66;1;73;0;733;2;2;0;2233;90;73;2
22204;1;45;1;71;1;2500;2;2;1;5514;10;77;30
22208;2;42;3;72;1;2500;2;2;2;3473;100;85;5
22305;2;45;3;81;1;1950;2;2;2;4469;97;87;25
22308;2;36;2;68;0;1250;1;1;2;1563;11;48;28
22309;1;88;2;85;0;1950;2;2;0;1950;59;83;4
22410;1;57;2;76;0;2100;2;2;1;2206;100;97;32
22411;1;42;3;63;1;2300;1;1;0;2300;18;63;22
22501;1;33;3;67;1;2900;2;2;4;4353;100;75;10
22503;1;51;2;63;1;1700;1;1;0;1930;97;88;22
22509;2;43;2;93;1;1106;2;2;1;2756;100;72;10
22510;2;32;2;80;1;1130;2;2;2;3484;100;37;20
22601;2;58;3;63;0;2400;1;2;0;2400;73;45;21
22602;2;47;1;91;1;1600;2;3;0;1600;100;97;36
22603;2;33;1;64;0;982;3;4;1;3988;39;28;7
22604;2;52;1;87;1;1300;1;1;1;1414;15;52;30
22608;2;75;1;91;0;1242;2;2;0;2592;100;90;42
22609;2;43;2;82;1;1330;2;3;1;3863;8;38;4
22610;1;86;1;53;0;1100;1;1;0;1100;89;62;1
22701;2;46;1;47;1;900;1;1;1;1014;48;15;20
22703;1;87;1;46;0;861;1;1;0;861;100;92;20
22704;1;33;2;63;1;1700;2;2;0;3700;97;70;24
22710;2;27;2;68;0;1150;3;4;0;4563;4;48;38
22804;2;62;1;54;0;1100;1;1;0;1100;89;38;50
22807;1;69;1;83;0;1600;2;2;0;3200;93;78;40
22808;2;61;3;65;0;1700;2;2;0;3130;93;82;45
22810;1;63;3;77;0;1820;2;3;0;2920;83;85;35
22903;1;24;3;64;1;1500;2;2;0;1500;100;80;10
22904;2;21;3;73;1;200;3;3;0;1670;93;73;28
22907;1;69;1;85;0;1196;1;1;0;1196;100;92;6
22909;2;38;3;77;1;3000;2;2;1;6890;27;42;15
22910;1;27;2;83;1;2300;2;2;1;4140;100;83;30
22911;1;66;2;62;0;1260;-;2;0;1860;100;90;28
22912;1;84;1;71;0;1190;1;1;0;1190;25;82;36
23003;1;79;1;77;0;1500;2;3;0;1500;18;57;2
23004;2;32;3;73;1;1600;2;2;2;3977;100;88;11
23005;2;90;1;59;0;1500;1;1;0;1500;0;38;28
23006;2;38;2;74;1;1600;2;2;1;4214;100;95;14
23007;2;26;2;73;1;1250;2;2;1;3140;100;78;5
23010;1;54;1;63;1;1500;2;2;2;3329;82;65;21
23011;2;43;2;54;0;1700;1;1;0;1700;0;28;8
23012;1;38;3;79;1;2000;2;2;1;4606;100;90;3
23013;2;81;1;75;0;1200;1;1;0;1200;3;52;49
23105;2;67;2;74;0;1650;1;1;0;1650;-;-;9
23106;1;27;1;79;0;950;1;1;0;950;100;93;1
23113;1;77;2;76;0;1710;2;2;0;1710;97;88;0
23201;2;44;3;68;1;2000;2;2;1;4844;100;80;18
23202;1;71;3;51;0;1900;2;2;0;2700;76;27;32
23204;1;62;3;72;1;3000;1;1;0;3000;93;83;10
23205;1;28;2;77;1;1800;2;2;2;3354;100;88;3
23207;2;83;1;75;0;1900;1;1;0;1900;24;63;28
23210;2;44;2;79;1;1600;1;1;1;1706;100;78;30
23212;2;51;3;70;1;2500;1;1;0;2500;26;87;20
23302;1;46;1;22;0;1250;1;1;0;1250;73;50;4
23304;2;62;1;75;0;1300;2;2;0;2530;97;75;36
23305;1;45;3;72;1;1950;2;3;1;3313;97;87;10
23306;1;35;1;39;1;2300;1;1;0;2300;60;78;7
23309;1;70;1;76;0;1200;2;2;0;1200;93;73;40
23311;1;55;2;52;1;1750;1;2;0;1868;0;32;25
23313;1;61;1;86;0;2357;2;2;0;3227;97;82;80
23402;1;25;2;55;1;1260;-;2;0;2770;100;82;6
23404;1;40;2;19;0;1420;1;1;0;1420;11;25;14
23407;1;69;1;85;0;960;2;2;0;1525;100;85;20
23408;1;61;3;74;1;2700;2;2;0;2700;100;92;1
23409;2;69;1;66;0;1152;1;1;0;1759;97;80;30
23411;1;35;2;69;1;1286;2;2;1;2132;100;82;20
23501;1;78;3;63;0;1999;2;2;0;3998;93;80;5
23506;1;47;3;67;1;2000;2;3;0;5000;97;80;50
23508;1;42;2;70;1;1300;2;2;4;3097;52;63;40
23510;1;44;2;66;1;1900;1;1;0;1900;100;80;50
23512;1;68;2;79;0;2000;2;2;0;4000;93;80;40
23513;1;56;1;72;1;1600;2;2;0;1600;100;87;60
23601;2;65;1;78;0;1350;1;1;0;1350;100;92;35
23602;2;50;2;77;1;1400;2;2;0;2950;100;80;40
23603;1;75;3;92;0;2500;2;2;0;5000;100;90;20
23611;1;78;1;40;0;1200;1;1;0;1200;23;77;30
23612;2;79;2;50;0;1450;1;1;0;1450;83;82;60
23701;1;77;1;62;0;730;1;1;0;730;100;82;42
23705;1;70;3;92;0;5000;2;2;0;7522;100;87;50
23709;1;43;2;77;1;2100;2;2;2;3883;90;80;14
23711;2;43;2;78;1;1250;2;3;1;3083;89;87;40
23802;1;68;2;68;0;1450;1;1;0;1850;90;75;50
23803;1;52;3;80;1;3100;1;1;2;3429;100;90;14
23806;1;46;1;69;0;1320;1;1;0;1320;11;62;56
23904;1;50;1;77;1;1630;2;2;1;2644;100;78;18
23909;2;36;3;73;1;1500;1;1;1;1606;100;62;10
23910;2;40;2;70;1;1650;2;2;2;4413;93;82;10
23911;2;79;1;90;0;1400;2;2;0;3300;3;82;75
24003;1;29;3;83;1;2700;2;2;1;4480;100;78;20
24005;2;49;2;76;0;1500;1;2;1;1833;11;75;14
24101;1;81;1;66;0;1500;2;2;0;1500;23;73;35
24102;2;42;2;52;1;1260;1;2;0;1260;7;55;30
24105;2;46;2;4;0;1400;1;2;0;1518;8;15;10
24107;1;40;3;58;1;2500;1;1;2;2829;100;82;8
24108;2;40;3;91;1;3000;2;2;4;12176;86;63;7
24109;2;41;2;62;1;1800;2;3;1;3826;19;73;6
24111;1;27;3;74;1;1750;1;1;0;1750;90;73;18
24202;2;63;1;77;0;900;2;2;0;3150;86;37;28
24203;1;79;1;71;0;1400;2;2;0;1430;17;58;14
24206;2;64;1;89;0;1100;2;2;0;2400;21;78;10
24207;2;40;2;73;1;1800;1;1;2;2113;19;67;25
24210;2;62;1;75;0;1140;2;2;0;2436;89;87;40
24211;2;39;2;65;1;1320;1;1;2;1633;100;85;8
24301;1;70;1;75;0;1250;1;1;0;1250;56;37;21
24307;2;51;2;63;1;1250;1;1;1;1364;97;78;4
24406;1;39;3;54;1;5000;2;2;2;7773;100;47;10
24412;2;39;2;91;1;1100;2;2;1;3490;100;90;10
24501;1;31;3;71;1;2050;2;2;2;4317;100;62;10
24503;2;56;2;59;0;1100;1;2;0;1218;86;70;40
24505;1;35;2;38;1;1800;1;1;0;1800;-;-;15
24506;2;79;1;81;0;150;2;2;0;150;12;65;25
24509;2;54;1;77;1;800;2;3;0;2723;93;75;28
24512;2;31;2;91;1;1300;1;1;2;1573;100;83;4
24604;2;48;2;63;1;2200;1;2;0;2318;0;88;5
24607;1;27;3;74;1;1600;2;2;0;3450;97;78;30
24609;2;26;3;74;1;1400;2;2;0;1400;89;75;40
24610;2;47;3;79;1;1030;1;1;2;1359;59;55;46
24701;2;33;2;89;1;1800;2;2;0;3700;74;63;17
24702;2;71;2;75;1;1950;2;2;0;4050;100;87;48
24703;2;68;1;79;0;87;2;2;0;2287;100;85;35
24707;2;58;3;66;1;1250;2;2;0;1250;80;95;1
24802;1;79;3;83;0;1950;2;2;0;1950;83;82;12
24803;1;65;1;81;0;2600;2;2;0;5200;97;80;50
24808;1;71;1;71;0;1500;1;1;0;1500;100;73;7
24809;2;43;3;87;1;1500;1;1;1;1606;97;82;4
24811;2;49;2;79;1;1900;2;2;0;3600;60;67;51
24812;2;53;2;65;1;1500;1;3;0;1618;12;28;1
24903;1;40;2;62;1;1700;2;2;1;3475;40;75;4
24904;2;68;3;70;0;3000;2;2;0;6000;8;63;10
24908;2;61;3;78;1;1225;2;2;0;2925;97;80;24
24909;1;60;3;53;1;4500;2;2;0;6800;97;72;30
24914;1;36;3;73;1;2000;2;2;1;2090;67;90;12
25011;1;80;1;83;0;1804;2;2;0;3608;50;88;32
25101;2;22;2;69;1;1190;2;2;0;2340;100;67;20
25103;2;21;-;72;1;370;3;3;0;2878;100;75;14
25104;1;50;1;74;1;1400;2;2;0;2406;45;77;20
25105;1;56;3;81;1;2500;2;3;0;5668;100;100;15
25107;1;53;2;66;1;1200;3;3;0;2800;47;73;20
25202;1;19;-;65;1;580;3;2;0;2480;97;80;48
25208;2;35;2;78;1;1510;2;2;2;1783;100;70;14
25209;2;42;3;52;1;1600;1;1;3;2210;23;58;10
25210;1;74;2;84;0;1640;2;2;0;7140;74;88;60
25301;2;53;2;88;1;1800;1;2;0;1800;81;88;15
25305;1;26;2;64;1;1500;1;1;0;1500;100;82;41
25307;2;57;2;90;1;1700;2;2;0;1700;100;87;25
25310;2;66;3;77;0;1450;1;1;0;1450;100;87;40
25407;2;49;3;77;1;3000;1;1;1;3114;100;85;10
25410;2;41;3;77;1;1850;2;2;2;2179;100;80;21
25412;2;78;3;77;0;2150;1;1;0;3150;77;60;14
25413;2;55;2;68;1;2250;1;1;0;2250;90;85;14
25501;2;52;2;55;1;1750;1;2;0;1868;100;78;25
25502;1;50;3;67;1;2500;2;2;0;5300;8;37;30
25503;2;54;3;66;1;1490;1;2;1;1954;8;58;20
25504;1;53;2;74;1;1900;1;1;0;3720;73;77;30
25505;2;57;2;62;1;2100;1;3;0;2218;100;73;20
25506;1;34;3;72;1;1700;2;2;2;3473;97;82;14
25509;1;54;1;73;1;1100;1;1;0;1100;100;80;30
25510;2;36;3;73;1;1450;2;2;2;3283;90;72;15
25511;2;60;3;78;0;1980;2;2;0;4480;86;83;42
25512;2;54;1;70;1;1400;2;2;0;1400;97;73;30
25513;2;72;1;78;0;1100;2;2;0;2850;100;83;35
25602;1;24;2;72;1;2200;2;2;0;4000;39;83;20
25604;2;74;1;32;0;1400;1;1;0;1400;24;15;35
25607;1;71;2;74;1;8100;1;1;0;8100;100;68;16
25609;2;45;2;92;1;1150;2;4;3;3229;100;85;3
25612;2;61;1;65;0;1300;2;2;0;1300;69;88;21
25613;2;93;1;68;0;1300;1;1;0;1300;85;85;28
25704;2;64;3;90;1;1850;2;2;0;3450;73;73;10
25707;2;65;3;77;0;1150;2;2;0;3350;69;90;30
25710;1;41;1;54;1;1400;2;2;2;2292;93;70;25
25801;2;71;1;53;0;1366;1;1;0;1366;48;73;38
25805;2;43;2;73;1;2065;2;3;1;6055;97;73;7
25903;2;47;3;72;1;3150;1;2;0;3268;90;88;25
25907;1;82;1;79;0;1400;2;2;0;1440;100;93;10
25908;2;77;2;67;0;1300;1;1;0;1300;97;83;55
25912;1;64;1;57;1;1310;1;1;0;1310;15;62;43
26004;1;81;1;64;0;1200;2;2;0;2400;65;67;20
26008;1;43;2;79;1;2000;2;2;2;4813;97;90;8
26010;2;85;1;63;0;1100;1;2;0;1100;-;-;10
26012;2;51;2;70;0;1200;2;3;1;5033;89;82;35
26105;2;55;1;33;0;1040;1;2;0;1790;50;25;16
26201;1;44;3;78;1;2500;2;2;0;2500;100;58;35
26202;1;66;1;62;0;1200;2;2;0;2100;69;85;27
26204;1;56;2;74;1;1800;2;2;0;1800;89;77;20
26206;1;65;3;82;0;1500;2;2;0;1500;100;87;25
26210;1;44;3;75;1;2550;1;1;2;2879;100;85;15
26211;2;47;1;53;1;1500;2;4;0;2646;33;23;36
26213;1;53;3;77;1;2700;2;3;0;3418;32;68;21
26302;2;49;3;66;0;1000;2;2;2;5057;100;38;22
26303;2;44;3;69;1;1650;1;1;2;1979;100;83;20
26306;1;74;1;71;0;1670;2;2;0;3340;23;72;45
26307;2;55;2;67;1;1500;2;2;0;3650;97;90;14
26311;1;36;2;83;1;1650;2;2;4;3693;14;80;20
26402;1;50;2;71;1;2200;2;3;1;4514;93;85;24
26407;2;38;2;94;0;1031;1;1;3;1658;15;75;0
26409;1;53;3;72;1;2300;2;3;0;5650;97;75;34
26412;2;83;2;81;0;1300;1;1;0;1300;80;93;4
26413;2;63;1;49;0;1500;1;1;0;1500;32;30;5
26503;1;64;3;63;0;2680;2;2;0;3730;8;13;21
26507;1;55;2;75;1;2800;2;2;0;2800;100;95;2
26512;1;53;1;78;1;2500;1;1;1;2614;100;88;3
26605;1;20;2;73;1;2100;3;4;0;7780;100;85;8
26701;1;44;2;60;1;1800;1;2;0;1918;33;83;50
26702;1;51;1;58;1;2604;1;1;0;2604;90;63;40
26703;2;37;2;34;1;1400;1;1;1;1514;83;38;14
26705;2;56;3;38;1;2530;2;2;0;5130;39;80;28
26706;2;48;2;80;1;2026;1;1;0;2026;100;87;35
26707;1;51;1;66;0;1200;1;1;0;1200;38;58;62
26803;2;63;2;72;0;650;2;2;0;2350;89;88;14
26807;1;46;2;78;1;2500;2;3;1;6633;93;67;6
26810;2;30;3;85;1;1790;2;2;1;3570;97;85;16
26903;1;51;2;65;1;2200;2;2;0;3010;48;68;24
26909;1;73;2;91;0;1500;1;1;0;1500;97;97;19
27002;1;80;1;85;0;1250;2;2;0;1250;0;18;40
27003;2;52;2;69;1;1800;1;1;0;1800;100;83;15
27004;2;36;3;60;1;800;2;2;0;2950;11;68;50
27006;1;50;1;88;0;1250;2;2;0;2000;26;62;42
27007;1;60;3;77;0;2000;2;3;0;2000;76;60;20
27008;1;63;3;63;0;1750;2;2;0;1750;44;58;15
27010;2;65;1;82;0;87;2;2;0;87;12;13;28
27104;2;81;1;52;0;860;1;1;0;860;89;67;35
27105;1;68;2;81;0;1290;2;2;0;1290;93;92;30
27108;1;31;2;68;1;1800;2;2;0;3500;97;88;30
27109;2;39;2;71;1;1680;1;1;2;1993;26;77;20
27204;2;37;3;78;1;1910;1;1;1;2016;89;83;14
27207;1;70;1;93;0;1300;1;1;0;1300;85;85;0
27213;2;27;3;74;1;1700;1;1;1;1790;100;82;10
27304;1;54;2;66;0;1528;1;2;0;1646;60;45;48
27306;1;39;2;80;1;2135;1;1;0;2135;100;98;16
27307;1;42;2;75;1;2500;2;2;2;4749;97;77;3
27308;2;86;2;79;0;1122;1;1;0;1122;59;85;70
27312;2;35;2;54;0;1100;1;1;1;1206;26;28;14
27406;1;28;3;71;1;1580;2;2;0;3290;100;93;49
27408;1;55;2;52;0;1027;1;1;0;1027;45;37;10
27413;1;68;3;56;0;1100;2;2;0;1880;8;58;30
27503;1;44;2;60;1;1200;2;3;2;3014;100;87;39
27507;1;33;2;66;1;10000;1;1;0;10000;87;72;42
27508;1;70;2;76;0;1330;2;2;0;2730;93;93;50
27509;2;72;1;70;0;700;2;2;0;1400;97;90;40
27510;1;45;3;70;1;1250;2;2;3;2860;23;70;8
27512;2;71;1;74;0;1880;2;2;0;3760;56;78;36
27601;2;43;3;65;1;3600;1;1;0;3600;19;77;10
27602;2;75;2;76;0;1100;2;2;0;3300;19;75;40
27605;2;54;2;92;1;1930;-;3;0;4430;89;87;4
27606;1;49;1;72;1;1300;-;3;0;1600;93;53;7
27607;1;28;1;94;1;2000;1;1;0;2000;100;38;20
27608;2;69;1;62;0;1052;1;1;0;1052;18;60;0
27612;2;65;3;64;0;1700;2;2;0;2900;89;68;20
27702;2;23;1;65;1;1410;-;3;0;1410;97;77;30
27707;2;41;3;54;1;10000;-;3;0;10000;97;78;20
27709;2;30;3;74;1;1690;2;2;0;4240;23;72;30
27710;1;60;2;77;0;1690;2;2;0;3610;97;73;30
27806;1;50;2;80;1;2000;2;3;0;3600;16;85;30
27901;2;38;3;64;1;1850;1;1;1;1956;100;95;30
27902;2;39;3;71;1;2320;2;2;2;6033;100;88;15
27904;1;47;1;83;1;1900;1;2;0;3480;100;97;14
27907;1;59;1;71;1;2750;2;3;1;5006;65;85;21
27908;2;83;1;83;0;1080;1;1;0;1080;36;93;28
27912;1;66;1;80;0;1365;1;1;0;1365;93;95;25
28001;2;41;2;92;1;1500;2;2;2;3413;100;88;14
28002;2;67;2;78;0;1400;1;1;0;1400;89;87;4
28004;2;32;3;82;1;4200;2;2;0;6400;100;93;20
28006;1;45;3;69;1;1600;-;2;0;3045;97;85;15
28007;2;32;3;83;1;5000;2;2;1;7390;100;87;10
28010;1;61;1;70;0;1250;1;1;0;1250;87;73;22
28101;1;33;2;63;1;2500;2;2;1;4490;100;75;8
28109;2;37;2;64;1;1750;1;1;2;1750;8;25;20
28209;1;45;2;71;1;2700;2;2;2;4979;100;87;21
28211;2;82;1;46;0;1100;1;2;0;1100;100;50;4
28212;1;45;3;76;1;2720;2;2;2;4047;3;83;20
28303;2;40;3;77;1;2700;2;2;2;3004;23;83;18
28309;2;37;3;54;1;1600;2;2;3;2185;93;55;10
28311;2;56;3;48;1;1900;1;1;0;1900;8;42;4
28312;1;68;1;67;0;1400;2;2;0;2700;100;92;30
28313;1;44;3;42;0;1250;1;1;0;1250;15;82;55
28402;2;47;1;55;0;800;2;2;1;2714;35;60;40
28403;1;40;2;77;1;2100;2;2;2;4254;100;87;15
28406;1;69;3;95;0;1800;2;2;0;2600;90;92;50
28408;1;62;3;72;0;1200;2;2;0;2700;93;85;66
28409;1;39;3;87;1;1600;2;2;2;3657;100;80;10
28411;1;36;3;59;1;1700;2;2;2;4057;3;52;25
28412;1;45;2;57;0;1020;2;2;0;1020;4;73;60
28501;1;30;3;70;1;1750;1;1;0;1750;23;57;20
28507;2;45;2;76;1;2000;1;1;1;2106;100;75;28
28603;1;47;2;47;1;1800;2;2;2;5573;97;80;5
28605;2;78;2;69;0;1990;1;1;0;1990;23;75;3
28609;1;51;3;77;1;1650;2;3;0;3150;69;72;30
28612;1;52;1;51;1;3100;1;2;0;3517;48;28;10
28613;2;65;2;36;0;1300;2;2;0;4200;78;57;20
28703;2;42;2;66;1;1800;1;1;3;2410;100;73;24
28704;1;66;1;71;0;1600;2;2;0;2450;100;92;30
28707;2;75;1;86;0;1800;2;2;0;3000;89;92;14
28708;1;36;2;71;1;1850;2;2;1;3356;93;92;10
28709;2;48;3;82;1;2200;2;4;0;4900;19;63;18
28712;2;76;2;56;0;1121;2;2;0;2351;-;-;45
28713;2;77;1;90;0;1136;2;2;0;2682;90;93;28
28802;1;31;2;63;1;2100;2;2;1;3990;45;73;3
28804;1;25;-;55;0;800;2;2;1;2390;73;78;21
28806;1;51;2;73;1;2500;2;4;0;4618;93;93;5
28809;2;44;3;85;1;2180;2;2;2;5109;100;83;4
28811;1;30;1;88;1;1700;2;2;0;1700;89;47;40
28901;2;46;3;82;1;1290;2;3;1;1623;100;100;25
28902;1;76;1;91;0;880;2;2;0;39740;90;95;21
28903;2;38;3;75;1;2000;2;2;2;2304;100;85;16
28906;2;67;3;48;0;1800;2;2;0;8073;97;47;28
28907;2;52;2;76;1;1123;2;5;0;1241;93;45;8
28908;2;54;2;74;1;1900;2;2;0;3650;93;83;3
29001;2;27;3;68;1;1700;2;2;1;3590;15;63;10
29003;1;69;2;63;0;1800;1;1;0;1800;97;83;60
29102;2;42;2;94;1;1345;2;2;1;1459;100;97;1
29105;2;30;3;74;1;1800;1;1;1;1890;96;77;10
29106;2;52;3;83;1;1700;2;2;0;4700;96;67;10
29110;1;68;1;71;0;1200;1;1;0;1200;97;63;7
30102;2;56;3;46;1;2400;1;3;0;2746;100;82;7
30202;2;63;1;74;0;1150;1;1;0;1150;-;-;10
30206;2;58;1;74;1;1850;1;1;0;1850;-;-;15
30209;1;42;1;76;1;1800;1;1;0;1800;-;-;0
30308;2;52;3;75;1;2350;1;1;0;2350;-;-;15
30312;1;67;1;70;0;1230;1;1;0;1230;85;62;15
30402;2;75;2;82;0;1308;2;2;0;1808;100;80;45
30404;2;41;3;84;1;1350;2;2;2;1607;100;77;12
30409;2;76;2;71;0;1400;1;1;0;1400;82;33;60
30412;1;92;1;67;0;1400;1;1;0;1400;85;68;70
30606;1;50;1;57;0;510;3;3;0;2660;-;-;15
30609;2;39;1;76;1;1400;-;3;0;4200;100;75;5
30611;2;72;1;67;0;1030;1;1;0;1030;97;68;5
30702;1;23;1;63;0;1310;2;2;0;1310;100;70;3
30707;1;50;2;55;0;1190;2;2;2;1471;93;62;0
30708;1;80;1;73;0;1900;1;1;0;1900;93;62;10
30904;1;69;3;88;0;671;2;2;0;671;100;75;25
30910;2;39;1;71;1;1500;1;3;0;1846;100;57;4
31002;2;28;3;75;1;1800;1;1;0;1800;100;77;8
31006;1;68;1;90;0;3900;2;2;0;3900;80;75;56
31007;2;37;2;51;0;1100;1;1;1;1206;90;63;20
31013;2;32;3;71;1;2400;1;1;0;2400;93;80;20
31112;1;64;1;89;0;1200;1;1;0;1200;97;63;14
31202;2;80;1;75;0;1500;1;1;0;1500;97;80;6
31203;2;55;3;77;1;1600;1;2;0;1718;100;83;25
31211;2;74;3;63;0;2600;1;1;0;2600;93;75;45
31214;1;77;3;94;0;3200;2;2;0;3200;100;82;30
31305;2;83;1;68;0;1198;1;1;0;1198;90;92;0
31311;2;32;3;79;1;2500;2;2;2;2804;100;93;14
31405;2;52;3;78;1;2000;2;3;0;8918;93;70;20
31411;2;20;1;54;0;1000;2;3;1;1090;-;-;14
31501;1;81;1;67;0;1220;2;2;0;1220;-;-;10
31507;1;39;3;65;1;2300;2;2;2;4557;-;-;0
31508;2;74;1;64;0;1100;1;2;0;2300;-;-;10
31512;2;54;1;70;1;1400;2;3;0;2500;-;-;10
31604;2;87;1;69;0;1140;1;1;0;1140;74;62;10
31605;1;34;2;77;0;950;3;2;0;2750;-;-;0
31606;2;38;2;62;1;1970;1;1;2;2299;97;73;15
31609;2;23;3;75;1;250;3;4;0;4805;93;80;50
31706;2;71;1;49;0;1200;1;1;0;1200;83;70;4
31801;2;87;1;68;0;1080;2;2;0;2230;-;-;15
31809;2;47;1;76;0;1152;1;1;1;1258;78;62;4
31903;1;64;1;64;0;750;2;2;0;1150;89;63;8
31909;1;36;1;54;1;400;2;2;1;3490;36;40;5
31913;1;46;1;65;1;1600;2;2;2;1904;-;-;0
32007;2;34;1;75;1;1300;2;2;1;3654;93;70;15
32103;2;75;1;57;0;988;2;2;0;2803;78;42;63
32205;1;65;3;80;0;1500;2;2;0;2650;100;98;20
32206;1;91;3;59;0;1400;1;1;0;4000;32;60;66
32208;2;59;1;64;0;987;1;2;0;987;93;70;30
32303;1;23;2;66;0;400;3;2;0;1900;100;75;73
32306;2;80;1;38;0;1500;1;1;0;1500;8;40;39
32308;2;77;2;71;0;1300;2;2;0;2800;86;67;27
32311;2;92;3;94;0;1350;1;1;0;1350;100;80;45
32402;1;45;3;62;1;1700;2;3;2;3704;68;42;14
32403;1;33;3;59;1;2000;3;2;0;6200;93;85;35
32406;2;81;1;73;0;1177;1;1;0;1177;15;52;56
32409;1;43;3;74;1;3750;2;2;2;6263;90;67;40
32504;2;88;1;39;0;1400;1;2;0;1400;65;42;35
32506;1;55;2;28;0;1100;1;1;0;1100;65;12;66
32606;1;62;1;65;1;1900;2;2;0;3902;65;57;50
32607;2;62;1;74;0;1150;1;1;0;1150;100;75;72
32608;1;81;3;85;0;1600;2;2;0;3650;97;83;35
32614;2;62;2;54;0;2027;1;1;0;2027;82;63;40
32616;1;55;1;55;1;4500;2;3;0;5796;93;73;31
32703;1;32;1;73;1;1800;2;2;2;3257;96;65;42
32707;2;58;2;61;1;1650;1;1;0;1650;45;62;28
32709;2;92;2;66;0;990;1;1;0;990;88;68;84
32710;1;85;3;64;0;1475;1;1;0;1475;100;87;84
32711;1;53;3;81;1;2500;-;3;0;2500;100;88;35
32712;1;65;3;78;0;1575;2;2;0;3572;100;87;70
32714;2;23;3;82;1;1800;1;1;0;1800;100;80;42
32715;2;73;3;71;0;1200;2;2;0;10700;90;80;84
32803;2;45;3;90;1;5775;2;2;3;7337;100;87;20
32806;1;47;3;66;1;1600;2;2;2;4778;97;60;30
32813;2;35;3;80;1;2900;2;2;2;5557;97;70;20
32902;1;67;3;53;1;3168;2;2;0;5268;28;48;56
32911;2;44;3;73;1;3000;2;2;2;8279;86;75;20
33006;2;45;3;91;1;3500;2;3;1;7633;97;83;20
33011;2;51;3;54;0;1200;1;1;2;1529;53;40;28
33102;1;87;3;48;0;1600;1;1;0;1675;69;70;14
33104;2;41;3;81;1;4000;2;2;1;7236;93;45;10
33106;2;62;1;90;0;1300;2;2;0;3700;100;93;40
33108;2;67;3;67;1;2917;1;1;0;2917;100;83;5
33112;1;30;3;77;1;1850;2;2;0;4965;97;75;50
33204;2;32;2;51;0;1100;1;1;4;1903;100;68;14
33210;1;38;3;64;1;918;2;2;0;916;100;75;6
33309;2;56;3;78;1;3100;1;2;0;3418;100;72;35
33311;2;30;2;69;1;1250;1;1;1;1356;100;82;20
33402;1;71;3;49;0;1000;1;1;0;1000;82;77;40
33405;2;33;3;81;1;4000;2;2;2;4257;100;67;4
33408;2;38;3;48;1;2400;2;2;2;2657;90;78;15
33412;2;37;3;74;1;2650;1;1;2;2954;89;72;20
33511;2;64;1;74;0;1499;2;2;0;1499;24;68;38
33512;2;61;-;82;1;2700;-;4;0;4454;97;87;68
33602;2;57;1;56;0;400;2;2;0;1300;-;-;0
33603;1;45;1;63;1;1600;-;4;0;6200;100;75;4
33604;1;42;1;73;1;1450;2;2;1;1556;97;67;0
33607;1;37;1;60;0;860;3;4;2;2517;-;-;0
33608;1;69;1;61;0;1250;1;1;0;1250;82;58;0
33702;1;26;3;67;1;2100;2;2;0;2100;100;75;20
33802;2;63;2;64;1;1200;2;2;0;2912;97;63;15
33809;2;50;2;71;1;1000;2;5;0;4056;62;82;4
33901;1;54;2;64;0;1150;-;2;0;1150;73;72;50
33903;1;47;3;70;1;2900;2;2;0;6230;97;82;14
33905;2;43;2;75;0;1100;1;1;1;1206;100;73;49
33907;1;65;2;57;0;2000;1;1;0;4000;100;58;70
40101;1;38;2;77;1;1800;1;1;0;1800;26;73;35
40102;1;68;1;70;0;1300;2;2;0;1300;65;85;30
40109;2;37;3;38;0;933;-;2;0;2633;0;20;7
40112;2;41;1;49;0;1000;1;2;1;1285;-;-;10
40113;1;23;2;76;1;1500;3;5;0;3346;89;83;30
40115;1;34;2;78;1;1700;2;2;0;3370;100;82;40
40201;2;82;1;77;0;1200;2;2;0;1200;8;38;0
40202;1;30;1;73;1;1650;2;3;2;3832;100;78;3
40204;1;39;2;69;1;2000;2;2;5;3077;100;80;1
40206;1;56;1;78;1;1300;2;2;0;1300;93;80;20
40208;1;75;2;86;0;1200;2;2;0;2200;82;85;0
40209;1;35;3;64;1;1500;2;2;0;3400;100;83;10
40210;1;41;1;78;0;1300;1;1;0;1300;26;63;15
40303;1;29;2;75;1;2300;2;2;0;4530;93;90;20
40305;1;65;2;85;0;1311;2;2;0;1311;86;85;50
40309;1;27;2;76;1;1767;2;2;1;3397;82;80;5
40310;1;47;1;66;1;2000;2;2;0;2900;89;37;10
40402;1;36;2;76;1;1500;2;2;2;3123;97;78;11
40407;1;41;3;40;1;10000;2;2;3;16002;89;40;4
40410;1;43;3;71;1;2500;1;1;1;2606;100;87;30
40411;2;39;1;35;1;1070;1;1;1;1184;65;18;14
40512;1;61;3;89;1;1495;2;4;0;1613;100;87;30
40602;2;46;2;66;0;1100;1;2;1;1433;15;53;21
40603;2;39;3;77;1;2357;1;1;1;2471;97;85;25
40609;1;37;2;48;1;2000;2;2;2;2257;59;50;10
40705;1;36;2;64;1;1700;1;1;0;1700;82;63;20
40706;2;52;3;65;1;2300;2;3;0;2418;18;62;14
40708;1;33;3;86;1;1800;2;2;1;3490;90;85;30
40801;2;25;2;51;1;2150;3;2;0;3478;100;63;34
40803;2;70;1;53;0;1523;-;3;1;5389;88;83;31
40804;2;71;1;74;0;1190;1;1;0;1190;35;83;21
40909;1;32;3;64;1;1600;2;2;1;3340;100;78;18
41003;1;45;3;75;1;4000;2;2;2;4313;100;77;4
41005;1;76;2;86;0;1836;2;2;0;1836;100;88;30
41006;2;69;3;76;0;2200;2;2;0;2200;100;75;30
41010;2;49;2;62;1;2400;1;2;0;2518;33;78;15
41105;2;28;2;64;0;1100;1;1;1;1190;8;45;41
41106;2;50;2;74;1;1810;1;1;1;1924;97;82;10
41108;1;31;3;82;1;3000;2;2;0;4870;100;63;3
41203;2;55;3;65;0;1400;1;1;0;1400;23;58;28
41204;1;78;1;64;0;1850;2;2;0;1850;85;90;3
41205;2;77;1;78;0;1200;1;1;0;1200;7;20;14
41210;1;51;1;66;1;1990;1;1;0;1990;83;68;7
41211;2;43;3;66;1;1700;1;1;3;2310;97;60;14
41306;1;95;1;86;0;1472;1;1;0;1472;81;48;30
41308;1;45;2;61;0;1050;2;2;2;1379;82;85;1
41309;1;74;1;79;0;1850;2;2;0;1850;82;90;28
41401;2;87;1;56;0;1100;1;2;0;2450;75;82;0
41402;1;54;2;77;0;1100;1;1;0;1100;17;38;26
41505;1;36;2;71;1;2500;2;2;1;4206;23;43;0
41508;1;30;2;62;1;1700;2;2;0;3000;100;83;0
41513;1;44;3;74;1;1500;2;2;2;1773;100;98;3
41515;1;48;1;88;1;1750;2;2;1;1864;90;92;25
41601;1;62;1;82;0;1600;2;3;0;1600;93;78;17
41603;1;34;2;77;1;2200;2;2;2;3070;8;77;22
41606;1;42;1;88;1;1700;2;3;0;3900;100;92;4
41607;2;32;2;75;1;1650;1;1;1;1756;86;88;20
41610;2;65;3;94;0;1250;2;2;0;2710;86;90;20
41611;1;37;2;90;1;2300;-;2;0;2300;39;75;2
41614;2;45;2;78;1;2000;2;2;2;2313;28;77;0
41702;1;68;2;77;0;2000;2;2;0;2290;89;83;35
41709;1;67;3;72;0;2100;2;2;0;3660;100;90;40
41710;1;62;2;71;0;1396;2;2;0;3496;86;82;35
41711;2;51;2;64;1;870;2;3;0;988;8;73;40
41807;2;71;2;82;0;1200;1;1;0;1200;15;63;8
41904;2;22;1;79;1;800;3;4;0;3750;74;92;42
41906;2;48;2;92;1;1000;2;2;0;3450;82;77;5
41910;1;24;1;64;1;1300;3;3;2;3129;73;47;5
42002;2;77;1;58;0;1166;1;1;0;1166;11;45;4
42005;1;88;2;77;0;2300;2;2;0;2300;65;68;7
42007;1;62;1;50;0;1378;2;2;0;1378;97;100;14
42011;2;39;2;75;1;1900;1;1;2;2213;100;85;4
42105;2;47;2;75;1;2400;1;1;0;2400;100;85;14
42106;2;19;2;76;1;450;3;2;0;2445;93;85;30
42109;2;43;3;62;1;2100;1;1;0;2100;97;58;25
42202;1;62;1;69;0;1620;2;2;0;1620;89;78;21
42204;1;73;3;73;0;1480;1;1;0;1480;100;90;35
42206;2;33;3;70;1;2150;2;2;2;2454;97;85;12
42209;2;34;2;95;1;1395;2;2;2;4168;100;73;14
42303;2;73;1;71;0;1501;1;1;0;2001;100;90;21
42306;2;69;2;72;0;600;2;2;0;3000;43;72;28
42308;2;52;2;70;1;1500;2;2;0;3200;11;47;3
42310;1;56;1;55;1;2650;2;3;0;2650;15;77;21
42401;2;36;1;31;0;1100;1;1;2;1381;88;68;40
42405;1;72;3;42;0;4000;1;1;0;4000;69;67;50
42408;1;54;2;78;1;2000;2;2;0;2000;100;90;30
42411;1;51;2;66;1;2850;1;1;1;2850;97;75;4
42501;2;89;1;67;0;1400;1;1;0;1400;15;67;8
42502;1;58;2;62;1;2400;1;2;0;2518;100;85;14
42510;1;71;2;76;0;728;2;2;0;1895;15;78;86
42602;1;64;3;51;0;2600;2;2;0;2600;93;72;42
42605;1;53;1;64;0;1780;2;2;0;1780;15;72;55
42611;2;36;3;71;1;2100;1;1;1;2190;100;87;7
42703;1;54;2;72;1;2400;1;1;0;2400;100;82;3
42709;1;70;2;89;0;1300;2;2;0;2400;97;97;45
42801;2;63;3;70;1;2580;1;1;0;2580;100;93;10
42803;1;47;2;88;1;1650;2;2;0;4100;93;88;35
42804;1;58;1;93;0;2200;2;4;0;4690;93;80;35
42806;2;82;1;84;0;1125;1;1;0;1125;0;68;49
42807;2;52;2;70;1;1450;1;2;0;1450;89;83;14
42808;1;76;2;68;0;1756;1;1;0;1756;93;75;40
42809;2;71;3;77;1;3040;2;2;0;3040;93;85;8
42902;2;88;1;74;0;1168;1;1;0;1168;23;42;0
42903;2;46;1;73;1;1500;1;2;0;1618;8;75;8
42908;2;35;3;67;0;1300;2;2;1;1390;24;72;5
42909;2;51;3;68;1;2050;1;2;1;2383;100;90;18
50102;2;45;1;79;1;1650;2;2;1;6756;97;78;16
50105;1;45;3;73;1;2400;1;1;0;2400;100;85;25
50106;1;54;-;75;1;2000;2;4;0;4318;93;85;12
50108;2;49;3;73;1;4000;2;2;3;12327;93;90;12
50109;2;43;3;91;1;1300;2;2;4;2159;100;87;6
50112;2;37;2;83;1;1700;1;1;3;2262;86;52;6
50205;1;84;3;74;0;2900;2;2;0;9700;14;32;35
50208;2;25;2;77;1;1500;3;4;0;4950;48;98;15
50209;1;68;2;74;0;1598;2;2;0;2588;100;93;35
50308;2;83;1;64;0;1250;1;1;0;1250;4;58;7
50310;1;41;3;65;1;2500;2;3;2;5430;77;65;12
50401;2;47;3;61;1;1600;1;1;1;1706;56;57;14
50506;2;54;3;63;1;2050;1;1;1;3214;100;58;7
50508;1;48;3;60;0;1800;1;1;0;1800;13;8;8
50509;1;62;3;83;1;1500;2;2;0;2700;97;97;25
50706;2;82;1;54;0;1340;1;1;0;1340;93;53;44
50709;1;51;2;62;1;1700;2;2;1;3014;97;77;20
50801;2;70;1;53;0;1150;1;1;0;1150;8;52;56
50803;2;67;3;74;0;2050;2;2;0;2050;100;85;50
50807;1;30;3;74;1;2200;2;2;0;4350;93;77;60
50810;2;38;3;78;1;1680;2;2;2;1937;100;83;15
50812;2;52;3;72;1;1800;2;3;1;2133;93;87;10
50813;1;79;3;44;0;1000;1;1;0;1000;14;67;21
50814;1;78;3;88;0;2100;2;2;0;3600;97;90;63
50816;1;88;2;62;0;600;1;1;0;600;89;90;40
50903;1;61;3;73;1;100;2;2;0;5933;100;80;10
50905;2;39;2;88;0;1300;1;1;1;1406;97;82;17
50907;2;27;3;84;1;1300;-;4;0;3445;90;92;24
50908;2;46;2;49;0;1300;1;2;1;1633;68;37;7
51003;2;43;3;74;1;1800;2;2;2;4887;12;37;18
51006;2;38;3;68;1;2500;2;2;2;7813;86;85;24
51007;1;54;2;63;1;3000;1;1;0;3000;97;77;27
51009;1;59;1;50;0;1250;2;2;0;2250;100;93;70
51105;1;40;3;67;1;2300;2;2;1;6106;20;60;28
51106;1;57;1;94;0;900;2;2;0;2500;3;43;105
51107;2;63;2;83;0;1700;2;2;0;5200;89;80;40
51111;1;37;3;77;1;2000;2;2;1;4190;93;85;7
51201;2;63;3;78;0;1200;2;2;0;2350;97;88;41
51203;2;71;3;75;0;1500;2;2;0;2700;85;83;2
51208;1;62;2;78;1;800;2;2;0;1100;96;88;0
51303;1;54;1;59;0;80;2;3;0;160;8;40;0
51305;1;41;3;90;1;3500;2;2;2;6504;100;95;21
51308;2;29;2;80;1;1400;1;1;1;1490;90;48;0
51310;1;69;1;84;1;1736;2;2;0;2936;100;98;20
51311;1;32;3;76;1;1860;1;1;1;1950;100;80;20
51401;1;41;2;66;1;1700;2;2;0;3400;33;70;36
51404;2;81;1;49;0;1200;1;1;0;1200;78;67;10
51405;2;69;1;65;0;1200;2;3;0;2300;93;78;28
51411;1;78;3;69;0;1500;1;2;0;1500;-;-;28
51503;2;77;1;68;0;700;2;2;0;700;53;53;42
51505;2;49;3;87;1;1433;2;2;0;1433;56;58;42
51511;1;37;3;73;1;2750;2;2;0;5010;90;77;30
51602;1;48;2;51;0;1800;1;1;0;1800;-;-;50
51603;1;50;3;72;1;3200;2;2;0;5700;89;88;40
51604;2;49;2;85;1;1100;2;2;0;2820;100;87;32
51608;1;80;1;66;0;1700;2;2;0;2800;100;82;28
51612;2;59;2;76;1;1050;1;1;0;1050;97;65;30
51703;2;83;2;74;0;1000;1;1;0;1500;93;73;40
51704;1;51;3;69;1;2100;1;1;0;2100;-;-;28
51707;1;54;2;47;1;1450;1;3;0;1568;15;55;14
51708;2;43;3;65;1;2100;1;1;0;2100;-;-;28
51901;1;44;3;76;1;2300;2;2;3;5167;100;80;12
51903;1;42;1;78;1;2350;2;2;0;3450;100;78;40
51904;1;51;3;73;1;2500;2;3;1;4383;15;85;15
51907;1;41;3;71;1;2740;2;5;2;4346;97;88;22
51910;1;68;3;77;0;2500;2;2;0;3000;97;80;40
52004;2;47;2;68;1;980;2;2;2;4293;100;82;12
52007;1;67;2;67;0;2000;2;3;0;2000;100;80;21
52012;1;42;3;67;1;2000;1;2;0;2000;93;85;7
52103;1;78;1;76;0;1700;2;2;0;1700;76;77;21
52104;2;49;1;46;0;900;1;2;1;1233;-;-;18
52105;2;35;2;53;0;1300;1;1;1;1390;-;-;8
52108;2;32;3;72;1;2400;1;1;0;2400;-;-;14
52109;2;63;2;76;0;1600;2;2;0;3200;93;88;40
52110;1;54;2;87;1;1800;2;2;0;2300;100;90;14
52202;1;56;2;60;0;1814;2;2;0;1814;97;68;50
52205;1;21;2;74;1;1200;3;2;0;3700;97;75;40
52206;1;45;2;63;1;1100;2;2;0;1100;100;70;21
52208;1;38;3;87;1;2600;1;1;0;2600;100;85;35
52306;2;32;2;77;1;1350;2;2;1;3740;15;33;4
52405;2;73;2;56;0;1200;1;1;0;1200;89;65;35
52410;2;69;1;76;0;800;-;2;0;2000;-;-;30
52412;2;68;2;71;0;1300;1;1;1;1406;-;-;21
52501;2;56;2;92;0;900;2;2;0;900;12;47;32
52503;2;57;3;76;1;2552;2;2;0;6452;100;97;3
52507;2;74;1;75;0;1100;2;2;0;2245;36;78;0
52509;2;58;1;69;1;2050;1;1;0;2050;93;77;3
52510;1;30;2;75;1;1700;2;2;1;2606;-;-;7
52512;1;59;3;68;1;2650;2;2;0;2650;89;83;6
52601;2;47;3;70;1;3600;1;1;2;3929;100;73;2
52604;1;46;3;78;1;2400;2;2;2;2729;100;73;8
52605;1;35;2;78;1;4600;2;2;1;6590;97;80;8
52613;2;52;2;44;0;1040;1;2;0;1158;15;38;0
52705;1;33;2;50;1;1600;3;2;0;3700;100;70;28
52709;1;54;2;63;1;1400;1;2;0;1518;100;90;30
52711;1;65;3;76;1;1720;2;2;0;1720;100;85;28
52802;1;50;2;74;1;1500;2;2;2;4263;93;83;27
52808;1;39;3;82;1;4000;2;2;4;6803;100;70;10
52809;1;55;1;88;1;2160;1;2;0;2160;97;97;1
53001;1;84;2;74;0;2500;2;2;0;2500;89;78;50
53002;1;64;2;71;0;1350;2;2;0;1350;97;100;50
53003;1;78;3;82;0;2700;2;2;0;4000;29;85;42
53004;1;65;2;57;0;1117;1;1;0;1117;100;88;60
53101;2;34;1;73;1;1990;1;1;0;1990;100;32;21
53201;1;76;1;83;0;1600;2;2;0;1600;93;90;8
53204;1;29;1;33;0;1080;1;1;0;1080;33;32;2
53205;1;56;1;71;1;1500;2;3;0;4618;90;82;0
53301;2;55;1;62;1;2550;2;3;0;10768;8;23;15
53303;1;69;1;47;0;1500;1;1;0;1500;74;85;35
53305;1;46;3;70;1;2500;2;4;0;5096;93;63;32
53306;2;36;2;74;1;1700;2;2;0;3700;97;80;7
53308;2;82;1;89;0;1140;1;1;0;1142;83;78;35
53310;2;81;1;9;0;1147;1;1;0;1147;18;60;14
53401;1;71;3;65;0;1300;2;2;0;2750;97;60;50
53407;2;58;1;64;1;1300;2;2;0;1300;93;67;0
53408;2;71;1;83;0;1400;1;1;0;1400;97;93;0
53412;1;56;2;37;0;1200;1;1;0;1200;8;17;0
53502;1;79;1;72;0;1500;2;2;0;1700;-;-;28
53506;1;80;1;74;0;1550;1;1;0;1550;26;78;4
53508;1;36;2;65;1;1770;1;1;0;1770;89;77;20
53511;2;72;1;49;0;1400;1;1;0;1400;8;18;6
53513;1;44;2;69;1;2200;1;1;0;4940;93;80;2
53602;1;76;1;68;0;968;1;1;0;968;19;62;14
53604;1;59;1;79;1;1100;2;2;0;2099;50;72;10
53605;2;67;2;67;0;1350;1;1;0;1350;41;90;15
53606;1;24;2;62;1;1800;3;3;0;1800;93;67;50
53608;1;46;2;73;1;1800;2;2;1;1906;100;73;10
53702;2;91;2;28;0;2000;1;1;0;2000;-;-;0
53707;2;57;1;22;0;1200;1;1;0;1200;62;13;70
53710;2;49;3;81;1;2800;2;2;0;3400;28;68;14
53711;1;47;3;72;1;2500;2;3;3;4394;-;-;0
53803;2;79;1;70;0;1448;1;1;0;1448;3;60;70
53805;2;53;2;55;0;800;1;1;0;800;15;53;50
53810;2;65;3;63;0;1570;1;1;0;1570;39;73;25
70102;2;74;2;76;0;1300;2;3;0;2500;83;63;4
70108;1;77;1;81;0;1500;2;2;0;2900;67;48;35
70109;1;51;2;91;1;2250;1;2;0;2368;83;90;4
70303;2;80;3;81;0;2550;2;2;0;4700;48;50;24
70307;2;68;3;77;0;1500;1;1;0;1500;93;53;30
70505;2;64;2;49;0;1250;2;2;0;2700;100;78;56
70508;2;39;3;60;1;700;2;2;2;5357;93;20;10
70510;1;84;1;61;0;830;2;2;0;1660;97;50;55
70605;2;36;2;55;1;1700;2;2;1;1814;24;55;20
70607;2;43;2;83;1;1550;1;2;0;1668;90;88;30
70701;1;81;2;89;0;1470;1;1;0;1470;89;77;55
70703;2;53;3;87;1;1733;2;2;0;1733;97;85;21
70709;1;74;3;65;0;1900;2;2;0;5900;97;73;35
70710;2;86;2;71;0;1550;1;1;0;1550;78;73;48
70801;1;43;3;55;1;2000;-;2;0;3650;97;63;21
70804;2;69;2;47;0;954;1;1;0;954;97;53;48
70807;2;55;1;75;0;1450;1;1;1;1564;85;73;70
70810;1;60;1;74;0;1400;1;1;0;1400;90;83;40
70901;2;63;1;79;0;1450;2;2;0;2875;100;97;85
70906;2;72;2;75;0;1380;1;1;0;1380;86;70;55
70908;1;62;2;92;0;1100;2;2;1;1206;87;75;35
70909;1;52;2;78;1;2300;2;2;0;4500;100;78;40
71002;1;39;1;67;0;350;2;2;2;1479;86;57;12
71004;2;96;1;59;0;1050;1;1;0;1050;86;73;0
71005;1;68;2;76;0;1432;-;2;0;1832;93;67;42
71008;1;79;3;74;0;2500;2;2;0;5800;93;88;30
71012;1;47;2;75;1;2100;2;4;1;2433;97;73;21
71103;2;37;3;68;1;1500;1;1;1;1606;90;72;7
71105;2;41;3;76;1;2100;2;2;0;4100;90;63;20
71107;2;48;1;73;1;1200;1;2;0;1318;97;82;11
71109;2;39;2;69;0;480;2;2;0;480;0;32;14
71110;2;81;3;73;0;25;2;2;0;1425;86;65;28
71111;1;39;2;78;1;2200;2;2;4;3066;97;73;14
71208;1;48;2;68;1;2207;1;1;0;2207;97;53;15
71209;2;78;1;54;0;220;1;1;0;220;4;62;28
71211;1;58;2;56;0;1700;1;1;0;1700;35;62;40
71301;2;30;2;73;1;1810;2;2;2;5067;8;38;18
71305;1;51;3;15;0;1000;1;1;0;1000;86;43;8
71306;2;35;3;75;1;3500;2;2;3;7222;97;77;16
71310;1;57;3;75;1;1899;2;2;2;2203;53;80;20
80210;1;50;2;56;1;1525;2;2;0;3325;93;65;25
80211;2;54;1;71;0;1713;1;2;0;1831;100;83;7
80301;1;53;2;76;0;1150;1;1;0;1150;78;43;0
80302;1;64;3;70;0;1900;2;2;0;2117;18;32;0
80304;2;78;1;74;0;1200;1;1;0;1200;20;50;0
80305;1;71;2;94;0;1900;2;2;0;1900;97;48;0
80309;2;46;3;62;1;2500;1;1;1;2614;44;42;20
80310;1;47;2;18;0;1450;2;3;0;3350;0;5;0
80501;2;28;3;68;1;1708;2;2;0;1708;93;53;35
80604;2;49;1;71;1;1550;1;4;0;1896;33;30;3
80605;2;50;3;71;1;2500;2;2;2;5329;97;68;24
80609;1;70;3;74;0;2200;2;2;0;2200;15;35;40
80610;2;28;3;74;1;1800;2;2;0;3600;39;70;20
80701;1;40;2;53;0;900;1;1;0;900;3;30;30
80703;2;27;2;54;1;1000;2;2;2;1257;100;60;12
80704;2;46;1;92;1;1200;2;2;0;1200;97;78;6
80707;1;56;1;74;0;900;2;4;2;1213;100;72;6
80708;2;62;1;75;1;1700;1;1;0;1700;86;60;21
80802;2;44;2;76;1;2400;1;3;0;4018;11;52;4
80805;2;55;2;73;1;1800;2;3;0;1918;86;42;14
80901;2;67;3;73;0;2000;2;2;0;2000;65;57;4
80902;1;25;2;74;1;1600;2;2;0;3000;82;78;0
80903;1;45;1;74;0;1350;2;3;0;2318;12;45;2
80906;1;44;1;71;0;800;1;1;0;800;93;80;0
80908;2;39;2;86;1;1800;2;2;2;2104;100;82;4
81003;1;57;1;83;0;1263;2;2;0;1263;100;70;6
81005;1;62;1;77;0;1659;2;2;0;2483;86;63;6
81010;1;41;1;72;1;2200;2;2;2;3673;100;72;2
81101;1;32;1;69;0;1130;1;1;1;1220;100;63;5
81103;1;19;1;71;0;400;3;3;2;2975;100;72;2
81107;2;46;1;61;1;1500;2;3;0;3218;100;85;5
81109;2;34;3;82;1;2200;2;2;1;4290;89;57;10
81110;1;87;1;79;0;1450;1;2;0;2740;3;30;0
81203;2;52;1;52;0;570;1;2;0;1148;35;53;15
81206;1;68;1;74;0;1400;2;2;0;2150;15;43;0
81207;1;45;1;76;1;2000;2;2;3;4093;100;62;5
81208;2;50;1;84;0;1100;1;2;0;1100;48;37;0
81302;2;29;1;49;0;1130;2;2;2;1443;89;68;14
81305;2;92;1;44;0;1080;1;1;0;1080;65;52;28
81308;1;69;3;41;0;1800;1;1;0;1800;32;22;20
81309;2;50;2;75;1;1000;2;2;1;3314;89;70;28
81403;1;32;2;62;1;1200;1;2;1;1750;100;40;10
81405;2;85;2;72;0;1700;1;1;0;1700;11;67;28
81408;2;47;2;81;1;1400;1;2;0;1518;100;80;12
81501;1;89;1;69;0;1350;1;1;0;1350;15;77;70
81503;1;68;1;74;0;1400;2;2;0;1800;100;62;70
81505;2;77;1;76;0;1300;1;1;0;1300;86;83;56
81507;2;27;2;81;1;850;2;2;0;2300;85;65;49
81508;2;79;1;49;0;1200;-;2;0;2300;48;45;28
81601;1;45;1;71;1;3900;2;2;0;3900;100;80;10
81602;1;57;1;66;1;1500;2;2;0;1500;33;83;0
81604;2;63;2;69;0;1200;-;2;0;1200;89;78;0
81706;1;59;3;73;1;1000;2;4;0;1118;23;73;14
81801;1;20;1;70;0;100;2;2;1;1218;100;78;50
81803;2;52;3;65;1;2500;1;3;0;2618;93;67;0
81805;2;24;2;65;1;1100;2;2;1;1990;82;67;0
81901;2;84;1;74;0;1150;1;1;0;1750;82;77;0
81902;2;36;2;77;1;1500;1;1;0;1500;100;70;2
81909;2;66;2;47;0;1200;1;2;0;1200;82;62;15
81911;1;40;3;77;1;2510;2;2;2;4600;100;88;10
82003;2;40;1;48;0;300;2;2;2;613;0;8;35
82004;2;69;3;57;0;2000;1;1;0;2000;97;43;5
82006;2;44;3;48;1;2000;2;2;2;4504;100;76;5
82008;2;66;3;49;0;2000;2;2;0;2000;75;67;15
82102;1;35;3;65;1;2200;1;1;0;2200;93;82;20
82104;1;37;2;66;1;1600;3;3;0;3517;97;73;35
82107;2;35;3;71;1;2000;1;1;0;2620;97;68;25
82108;2;33;1;88;1;1600;1;1;1;1690;100;88;20
82110;2;20;2;79;1;850;3;5;0;5698;100;80;55
82202;1;64;2;73;0;1500;2;2;0;3010;93;78;30
82205;1;72;2;68;0;1400;2;3;0;2948;15;52;35
82206;1;66;1;87;0;1572;2;4;2;3029;90;73;70
82208;2;31;3;65;0;1200;2;2;0;1200;90;60;25
82302;1;42;2;76;1;2300;2;2;0;2300;93;72;45
82305;1;58;1;70;1;2650;2;2;0;3140;58;70;50
82413;2;83;2;75;0;1080;2;2;0;2180;3;47;50
82501;2;58;2;95;1;700;2;2;0;1345;30;73;12
82511;1;75;3;85;0;2700;2;2;0;3300;53;83;50
82604;2;68;3;77;1;1190;2;2;0;1190;18;73;20
82703;2;49;3;66;1;3000;1;3;0;3346;93;68;8
82709;1;48;1;69;0;950;1;1;0;950;74;65;-
82801;2;34;1;71;0;1400;1;1;2;1673;89;32;21
82802;2;65;1;94;0;980;2;2;0;3417;97;80;29
82803;1;22;1;73;0;825;1;1;0;825;97;78;24
82804;2;44;3;70;1;5900;2;2;4;12256;100;77;0
82807;1;57;3;51;1;2200;2;2;0;4659;15;38;15
82808;2;69;1;76;0;1090;1;1;0;1090;90;68;20
82809;2;66;1;72;0;1457;1;1;0;2287;15;87;0
82810;2;31;2;76;1;2170;2;2;0;3910;97;82;24
82811;2;62;2;87;0;1000;2;2;0;2070;93;73;15
82901;2;28;1;81;0;980;1;1;0;980;97;77;24
82902;1;74;1;64;0;1879;2;2;0;1879;0;28;0
82903;2;73;1;77;0;1300;1;1;0;1300;8;32;26
82907;2;40;2;72;1;1800;2;2;2;3183;97;60;10
82908;1;32;3;84;1;2700;2;2;0;4400;100;85;14
82911;2;53;2;79;0;1090;1;1;0;1090;43;62;20
82912;1;47;1;75;0;1470;1;1;0;1470;97;68;30
82913;2;62;1;86;0;110;2;2;0;1010;80;78;22
83011;1;58;3;63;1;2100;1;2;0;2100;93;82;10
83101;2;21;2;70;0;400;3;3;2;2129;90;53;25
83104;2;20;2;86;1;2000;3;3;2;5354;97;82;15
83105;2;62;1;91;0;1100;2;2;0;1100;32;50;14
83106;1;60;1;89;0;1450;1;2;0;1450;32;73;70
83108;2;86;1;85;0;400;2;2;0;1900;33;55;28
83111;1;53;3;61;1;417;2;2;0;1567;97;48;20
83202;2;63;1;92;0;802;2;2;0;2402;97;88;77
83203;2;55;2;69;0;1200;1;2;1;2414;4;58;21
83204;2;43;3;74;1;850;2;3;0;4655;35;62;9
83209;2;47;3;71;1;1500;2;3;2;3800;100;70;22
83210;1;45;3;63;1;6550;2;2;3;8460;56;55;21
83310;1;66;2;85;0;1565;2;2;0;2665;100;88;30
83402;2;47;1;81;1;1700;2;2;0;3700;97;78;14
83403;2;45;1;73;1;2000;1;2;0;3400;100;80;20
83406;2;84;1;71;0;1000;1;2;0;1600;12;55;28
83407;1;65;1;86;0;1300;2;2;0;1730;97;72;28
83408;2;69;3;70;0;1900;2;2;0;3900;93;77;28
83502;2;62;2;68;0;1400;1;1;0;1400;12;32;24
83505;1;77;2;75;0;1200;2;2;0;3400;89;68;19
83506;1;58;3;86;0;1300;2;2;0;2700;100;73;28
83507;1;28;2;84;0;980;3;2;0;2080;100;82;18
83508;2;51;3;81;1;1170;1;2;0;2070;100;73;18
83509;2;68;1;85;0;900;2;2;0;4100;80;78;20
83603;2;55;3;77;0;2100;2;3;0;2218;4;30;25
83606;2;80;1;42;0;1346;1;1;0;1346;100;72;28
83607;2;30;1;67;0;600;2;2;1;3090;32;73;35
83611;2;64;1;65;0;1300;1;1;0;1300;100;75;23
83707;1;59;1;65;0;1300;1;1;0;1300;36;55;48
83711;2;23;2;83;1;980;2;2;0;3380;97;85;21
83803;2;60;1;72;0;1300;1;1;1;1414;15;75;42
83808;2;52;3;68;1;2550;2;2;1;4164;97;75;25
83809;1;59;2;77;0;1500;2;2;0;2800;65;67;30
83903;1;55;1;62;0;340;2;3;1;1423;-;-;50
83909;2;51;2;61;0;1000;2;2;0;2400;18;17;12
83913;1;77;1;95;0;1400;1;1;0;1400;100;92;10
84001;1;30;2;95;0;400;2;2;0;2200;100;98;20
84005;2;47;3;77;1;1700;1;1;0;1700;93;48;5
84007;2;35;2;72;0;1200;1;1;1;1306;15;20;5
84013;2;27;1;75;1;950;1;1;0;950;100;80;10
84107;1;46;3;70;1;4000;2;2;2;4829;80;57;15
84204;1;30;3;75;1;2200;3;4;0;8600;97;77;40
84208;2;57;2;71;1;2000;1;2;0;2518;90;77;0
84209;2;33;3;76;1;2100;2;2;2;4072;100;73;10
84303;2;80;1;49;0;1885;1;2;0;1885;86;87;26
84311;1;63;1;90;0;1500;2;2;0;1500;100;85;8
84402;2;43;1;50;0;1100;1;4;0;1446;4;18;35
84404;2;63;3;71;0;1250;1;1;0;1250;86;63;45
84407;1;54;1;94;1;2500;2;3;1;2614;100;87;20
84409;2;88;1;76;0;1100;1;1;0;1100;-;-;0
84504;2;32;2;71;1;1650;2;2;2;3323;35;53;14
84507;1;64;1;50;0;1350;1;1;0;1350;82;37;105
84508;1;23;1;86;1;1500;2;2;2;1590;93;67;15
84511;1;46;1;46;1;1000;2;2;1;2573;82;60;4
84609;1;45;2;52;1;1400;2;2;0;1400;0;68;-
84707;2;53;3;65;1;3000;1;2;1;3333;97;78;23
84711;2;36;2;69;1;1600;1;1;2;1913;100;82;10
90104;2;88;2;49;0;950;1;1;0;950;11;12;0
90107;2;24;1;94;0;810;2;2;0;2610;100;87;18
90108;1;60;1;55;0;1100;1;1;0;1100;0;18;0
90110;1;36;3;82;1;2200;1;1;0;2200;97;88;30
90202;2;61;3;34;0;833;1;1;0;833;97;72;35
90204;1;32;2;55;1;810;2;2;0;1910;97;53;18
90206;1;60;2;84;0;300;2;2;0;300;100;90;50
90210;1;75;3;79;0;2400;2;2;0;4200;90;72;70
90304;2;28;2;89;1;2450;2;2;2;5507;100;70;21
90306;1;49;2;73;1;1800;2;2;0;3600;97;72;4
90307;1;51;1;62;1;2000;2;3;0;2118;97;73;10
90401;1;70;2;69;0;1500;1;1;0;1500;97;82;20
90402;2;46;3;70;1;2500;1;1;1;6614;100;70;10
90405;2;35;3;74;1;1250;2;2;2;3823;100;80;11
90407;2;63;1;61;1;1263;1;1;0;1263;90;53;56
90408;2;57;2;53;1;1130;2;2;0;1130;65;57;1
90411;2;69;3;93;0;1700;2;2;0;3660;89;82;42
90504;2;87;1;56;0;1650;1;2;0;1650;8;42;24
90511;1;73;2;48;0;1400;1;1;0;1400;93;75;5
90602;2;25;3;83;1;1650;2;2;0;3445;100;90;14
90604;1;58;2;72;1;2200;2;3;0;5484;100;82;14
90609;2;49;3;68;0;1100;1;1;0;1100;100;77;16
90610;2;36;2;82;1;1700;1;1;0;1700;100;83;10
90611;1;28;2;76;1;1600;3;7;0;9366;100;83;18
90612;1;25;3;85;1;1800;-;4;0;7600;100;83;12
90704;1;40;3;77;1;2700;2;2;2;3004;97;75;40
90705;1;52;3;65;1;3000;2;2;2;11817;100;65;12
90707;2;80;2;54;0;1800;1;1;0;1800;97;72;2
90709;2;53;3;71;1;1700;2;2;0;5200;97;85;20
90712;2;68;3;73;0;1400;1;1;0;1400;18;38;42
90713;1;44;3;78;1;2000;2;2;2;4507;100;82;35
90805;1;59;2;74;1;2600;1;1;0;2600;73;80;3
90806;2;59;2;74;1;2300;2;2;0;4600;100;82;4
90809;1;34;3;35;1;3200;1;1;0;3200;77;55;10
90810;1;40;2;61;1;1780;-;2;0;1780;8;43;1
90811;2;49;2;72;1;900;2;2;2;2704;50;85;14
90905;2;41;3;75;1;2500;2;2;2;5004;90;75;15
90906;1;50;1;85;1;2150;2;2;2;2479;97;78;3
90907;2;71;3;62;0;1650;1;1;0;3000;32;28;42
90910;2;38;1;64;1;1500;1;1;0;1500;97;70;8
90957;2;33;2;75;1;1850;1;1;0;1850;24;70;6
91001;1;40;2;63;1;1600;2;2;3;3643;100;75;14
91002;2;60;3;76;0;2000;2;2;0;4250;97;70;32
91004;2;86;1;29;0;1200;1;1;0;1200;8;32;0
91009;2;73;1;65;0;1200;1;1;0;1200;82;72;0
91010;2;44;3;77;1;2950;1;1;2;3279;100;85;6
91102;2;26;3;69;1;1200;2;2;0;1200;97;73;21
91107;1;22;2;68;1;1500;1;1;0;1500;90;83;8
91109;2;66;1;62;0;1500;2;2;0;3000;8;22;0
91202;2;87;1;56;0;1100;1;1;0;1100;82;67;22
91203;2;68;1;64;0;2051;1;1;0;3201;93;75;24
91204;1;34;2;82;1;1800;2;2;1;3406;100;82;15
91206;1;67;2;78;0;1200;2;2;0;2600;100;77;30
91207;1;53;1;69;0;1300;1;1;0;1300;86;67;28
91208;2;51;2;72;0;1300;1;1;0;1300;100;78;11
91210;2;49;3;71;0;1190;1;1;0;1190;89;78;26
91304;1;71;3;66;1;1800;2;2;0;2800;93;80;0
91307;2;29;3;71;0;900;1;1;0;900;11;78;9
91309;1;26;2;53;1;1600;2;2;0;2100;86;58;15
91310;2;85;3;65;0;2100;1;1;0;2100;80;65;0
91409;2;36;2;71;0;600;2;2;1;706;78;67;30
91502;1;43;3;83;1;1000;2;2;3;2940;100;90;20
91607;1;67;1;72;0;1300;1;1;0;1300;15;75;0
91702;1;41;3;80;1;3670;2;2;2;3983;100;87;12
91706;2;70;3;85;0;1750;2;2;0;3530;89;67;22
91707;1;80;1;79;0;1050;2;2;0;2000;93;80;40
91708;1;45;1;76;1;1800;2;2;0;1800;100;82;5
91710;1;72;3;64;0;1890;2;2;0;3170;100;77;26
91711;2;63;2;77;0;1170;2;2;0;2760;85;72;21
100108;1;48;3;72;1;5127;2;3;0;5245;100;80;25
100110;2;44;3;66;1;4850;1;1;1;6056;93;75;15
100111;2;32;3;75;1;1550;2;2;2;1807;97;75;18
100112;1;60;2;71;1;3392;2;2;0;3392;100;68;19
100113;2;68;3;66;0;1080;1;1;0;1380;11;57;28
100203;1;50;2;69;1;2048;2;2;1;2162;86;62;28
100204;1;25;2;77;1;1850;2;2;0;2900;100;93;20
100301;1;46;2;76;1;3542;2;2;2;5625;100;80;22
100305;2;57;3;64;1;1990;1;1;0;1990;39;42;15
100308;2;44;3;74;1;1700;2;2;2;5604;16;60;12
100310;2;59;3;8;0;2400;1;1;0;2400;8;40;6
100402;1;41;3;56;1;2200;2;2;1;3156;32;60;20
100403;2;56;2;73;1;1600;2;4;0;4118;43;68;9
100405;2;75;1;56;0;1000;1;2;0;2200;24;27;0
100406;2;54;2;30;1;1700;1;2;0;1818;82;45;20
100407;1;77;3;83;0;2729;2;2;0;2729;93;80;40
100408;2;54;3;60;1;2134;1;3;0;3334;83;72;35
100409;2;77;3;85;0;1900;-;2;0;1900;68;70;30
100410;1;62;1;49;1;2000;2;2;0;2900;58;60;30
100502;1;55;1;67;1;2500;2;4;0;4100;93;78;10
100503;2;79;1;90;0;1400;1;1;0;1400;19;63;50
100504;1;63;1;77;0;1500;2;2;0;4080;57;82;50
100508;2;63;1;40;0;585;2;2;0;2485;100;77;15
100509;2;29;3;78;1;1580;2;2;2;3237;93;70;25
100510;2;55;1;83;0;600;2;2;0;2420;3;75;10
100601;1;50;3;70;1;3400;2;2;0;7080;100;87;25
100607;1;75;1;87;0;1690;2;2;0;1690;100;92;30
100610;1;31;1;91;0;406;3;5;0;3012;16;60;40
100703;2;71;3;73;0;1550;-;2;0;1550;89;85;21
100704;1;34;2;89;1;1840;2;2;2;2169;100;68;0
100706;2;71;3;73;0;1089;2;2;0;2919;89;73;25
100707;2;42;3;63;1;1750;2;2;2;4179;93;75;7
100709;1;72;1;29;0;1100;2;2;0;1800;78;53;14
100713;1;39;2;75;1;1300;2;2;1;2386;97;65;4
100801;1;47;1;65;1;2000;2;2;2;4413;93;77;15
100803;2;70;2;33;0;1200;-;2;0;1200;0;13;46
100811;1;46;2;58;1;1850;-;2;0;1850;97;72;6
100813;1;42;3;87;1;2800;2;2;3;3354;97;87;15
100901;2;33;2;70;1;1500;1;1;2;1813;100;70;5
100905;1;82;2;66;0;1080;-;2;0;1580;93;85;23
110202;2;38;3;87;1;4400;2;3;0;4518;97;75;20
110204;1;48;2;49;0;834;1;1;0;834;23;40;70
110210;1;55;3;56;0;1600;2;3;0;1800;66;45;20
110305;2;32;1;51;0;1300;2;2;2;1557;18;38;20
110307;1;23;3;78;1;1960;2;2;0;4260;43;67;20
110309;2;55;3;64;1;2350;2;2;0;2350;93;70;25
110402;1;36;3;72;1;2350;2;2;1;4540;89;72;25
110409;1;44;2;78;1;1950;2;2;3;2560;97;73;21
110502;2;32;3;43;1;1999;2;2;2;4872;100;55;8
110504;1;63;2;71;0;1650;1;1;1;1764;100;83;30
110602;1;78;2;73;0;2200;1;1;0;2200;100;82;50
110702;1;53;1;69;1;2400;2;2;0;3600;100;82;28
110703;2;54;1;48;0;400;-;3;1;940;11;45;35
110705;2;43;3;89;1;1000;2;2;0;1200;48;90;15
110706;1;36;2;67;0;1340;1;1;0;1340;100;75;21
110707;2;58;1;69;0;1225;1;1;0;1225;73;57;0
110801;2;41;3;73;1;2000;2;2;0;5200;100;70;20
110903;2;42;2;69;1;1640;2;2;1;1746;82;45;20
110904;1;24;2;85;1;2050;3;5;0;4196;100;85;50
110905;1;62;1;70;1;2400;2;3;0;2400;78;58;63
110907;2;55;1;60;1;1400;2;3;0;3518;65;33;13
110909;2;36;3;55;1;1520;1;1;2;1793;78;67;1
110912;2;61;1;68;0;850;2;2;0;2445;33;63;42
110913;2;86;2;78;0;1400;1;1;0;2340;18;77;49
111102;2;31;2;80;1;1400;1;1;0;1400;100;80;42
111104;2;61;2;21;0;1100;1;1;0;1100;81;65;42
111107;1;73;1;82;0;1400;1;1;0;1400;100;87;63
111109;2;51;2;63;1;1500;1;1;2;1829;65;78;35
111203;1;34;2;70;1;1500;2;2;1;3306;86;72;7
111206;1;67;1;78;0;1285;1;1;0;1285;100;78;56
111207;1;22;2;78;1;1500;1;3;1;1590;100;80;28
111208;1;62;1;72;0;1400;2;2;0;1460;93;85;84
111210;2;62;2;55;0;1104;1;1;0;1104;0;15;28
111303;2;41;3;86;1;1450;2;2;2;3304;86;90;3
111306;1;33;2;82;1;1800;2;3;1;1890;12;82;13
111401;2;59;1;87;0;1600;1;1;1;1714;86;73;70
111403;2;56;3;78;1;2200;2;4;0;9050;83;75;10
111503;1;59;1;26;0;1200;1;2;2;2353;12;28;84
111508;1;59;1;71;1;1835;2;2;0;1835;63;80;14
111602;1;58;1;57;1;1500;1;1;0;1500;90;70;49
111604;2;43;3;73;1;1200;2;2;1;2506;48;65;21
111607;2;88;2;57;0;1080;2;2;0;1080;14;45;79
111609;1;29;1;74;1;1650;2;2;0;3050;100;73;21
111701;1;22;-;74;1;400;3;2;0;2518;97;48;70
111703;1;60;1;87;1;2300;2;3;0;3268;100;92;18
111706;1;40;2;56;1;1690;1;1;1;1690;89;53;21
111707;1;58;2;77;0;1600;2;2;0;3400;86;72;30
111709;1;51;1;64;1;1500;1;1;0;1500;100;75;37
111710;2;61;1;70;0;1200;1;2;0;3400;11;20;42
111711;1;35;2;57;1;2200;1;1;0;2200;100;75;20
111807;2;47;2;69;1;1900;2;2;1;2014;97;67;16
111810;1;52;2;75;1;2000;2;2;0;2000;82;88;12
111901;2;31;2;78;1;1350;2;2;1;3464;100;78;6
111906;2;38;3;58;1;3000;2;2;1;3106;100;83;15
111908;2;59;2;87;0;1300;2;2;0;2630;100;87;42
111909;2;66;1;63;0;1300;1;1;0;1300;73;78;21
112001;2;64;3;74;0;1650;2;2;0;4350;97;80;40
112003;2;49;3;71;1;2500;2;2;2;3413;53;63;10
112006;2;61;2;72;0;1200;1;1;0;1200;97;83;35
112008;2;84;2;58;0;1029;1;1;0;1029;8;45;30
112009;2;62;3;32;1;800;2;2;0;2800;53;8;35
112010;1;51;2;71;1;2200;2;4;0;4758;100;77;12
112105;2;31;2;65;1;1200;2;2;2;4124;56;82;7
112201;1;63;3;79;1;6200;2;3;0;10500;97;87;38
112202;2;92;1;74;0;800;2;2;0;2100;15;75;70
112204;2;77;1;54;0;1175;1;2;0;1175;89;93;6
112302;2;36;2;90;1;1450;2;2;0;3550;15;70;21
112307;1;52;2;66;1;2300;2;2;0;2800;100;82;18
112402;2;54;2;69;0;1100;1;2;1;1433;15;82;9
112405;1;78;1;56;0;1413;1;1;0;1413;93;88;21
112407;2;37;2;71;1;1600;2;2;1;3914;100;83;14
112408;2;43;2;51;0;1200;1;2;4;2375;97;63;30
112410;2;55;3;61;1;1720;-;3;0;5820;33;72;6
112501;2;72;1;6;0;1025;1;1;0;1025;3;7;56
112502;1;22;1;74;0;400;3;2;0;1780;100;78;70
112504;2;62;2;49;0;1300;1;1;0;1300;86;27;21
112505;2;30;2;77;1;900;2;2;0;1434;100;60;7
112506;2;64;3;70;0;1940;1;2;0;3540;90;78;35
112507;1;85;1;35;0;1200;2;4;0;3250;8;25;70
112510;1;69;1;62;0;1300;1;1;0;1300;100;80;56
112601;1;52;1;61;0;595;1;1;0;595;8;35;50
112604;2;32;2;71;0;1050;2;2;1;1140;18;23;7
112605;1;34;1;88;1;1600;2;2;2;2857;93;90;35
112607;1;83;1;82;0;1300;2;2;0;2400;80;83;21
112610;2;70;2;57;0;1500;2;3;0;3000;52;30;42
112611;2;70;1;48;0;1500;1;2;0;1500;19;58;70
112701;2;36;-;76;1;1200;1;1;3;1810;90;65;7
112702;2;49;2;70;0;1200;1;1;0;1200;8;40;28
112703;2;55;1;63;1;650;2;2;0;2750;93;57;5
112704;2;37;2;72;1;1600;2;2;2;3773;97;65;10
112709;1;32;1;38;0;830;1;1;0;830;90;58;56
112710;1;28;-;42;0;812;1;1;0;812;100;68;14
112804;2;44;3;83;1;2200;-;2;0;3940;100;88;15
112806;2;39;1;51;0;930;1;1;2;1211;48;20;7
112807;1;44;2;71;1;1690;2;2;2;2346;97;88;20
112811;1;73;3;67;0;1911;2;2;0;3911;62;65;42
112909;2;41;2;93;1;1500;2;3;2;2130;18;37;14
112910;2;46;2;70;1;1700;1;1;2;2013;100;70;6
113006;2;55;3;87;1;1950;2;3;0;3820;69;52;20
113008;2;43;2;50;1;1250;1;1;0;1250;11;50;14
113106;2;41;2;83;1;1000;2;2;1;4606;100;77;52
113301;2;67;3;66;0;2215;2;2;0;5015;93;67;40
113305;2;39;2;56;0;1311;1;1;3;1865;97;72;35
113401;2;43;3;75;1;2450;1;1;2;2779;97;63;10
113407;2;68;2;48;0;365;2;3;0;365;100;72;42
113503;2;41;1;26;1;800;2;2;0;800;-;-;15
113602;1;43;1;13;0;2000;1;1;2;2329;8;3;90
113608;2;65;2;79;0;1200;2;2;0;1200;89;65;55
113609;1;53;2;54;1;1167;2;2;3;1760;97;77;50
113702;2;79;1;46;0;1110;1;1;0;1110;82;40;80
113705;2;28;2;70;0;1100;1;1;2;1357;100;63;14
113710;2;41;2;56;0;930;2;2;2;1187;100;60;14
113801;2;28;1;56;0;1400;1;1;1;1506;32;38;10
113803;2;87;3;75;0;1370;1;1;0;1370;4;42;39
113808;2;44;3;69;1;1600;1;1;3;2162;97;75;7
113809;2;72;1;76;0;1200;1;1;0;1200;97;85;35
113909;2;51;1;74;0;189;2;2;0;1375;0;45;84
113911;1;58;3;78;0;1200;1;1;0;1200;97;80;64
114001;1;52;3;72;1;3000;1;1;0;3000;100;78;16
114004;1;58;1;72;0;1400;2;2;0;1400;14;27;2
114005;2;72;1;88;0;1500;2;2;0;3772;89;68;20
114006;1;49;2;70;1;2000;1;1;0;2000;100;83;12
114009;2;71;1;65;0;1300;1;1;0;1300;100;75;40
114011;2;60;3;74;0;2010;2;2;0;2010;53;38;30
114104;1;56;3;74;1;2500;1;1;0;2500;100;80;12
114105;1;57;3;67;1;2000;1;1;0;2000;100;80;15
114106;1;50;2;82;1;1850;1;1;1;1956;100;85;10
114108;1;40;1;71;1;986;2;2;1;2276;100;87;15
114110;2;23;2;70;0;425;3;2;0;2443;19;55;20
114111;1;53;2;83;1;3750;2;4;1;6193;100;73;7
114206;1;39;2;77;1;2250;2;3;1;10785;100;80;10
210101;1;45;2;49;1;1600;2;2;0;3350;89;33;24
210113;1;41;1;50;1;1750;2;2;3;2312;100;77;0
210202;1;58;1;71;1;2300;1;2;0;2300;93;78;21
210203;1;77;2;82;0;2300;2;2;0;2300;100;83;35
210207;1;45;3;85;1;1500;2;2;0;3100;83;73;21
210210;2;39;2;78;1;2000;1;1;1;2114;32;73;21
210303;2;59;2;62;1;2000;1;1;0;2000;23;48;40
210304;1;49;3;70;1;2200;2;2;0;2200;8;50;20
210305;1;27;2;73;1;2000;2;2;0;2000;77;88;40
210307;2;37;2;68;1;1800;1;1;2;2129;82;63;30
210309;1;34;3;68;1;1200;2;2;2;1473;100;93;25
210310;1;38;-;93;0;530;2;2;3;1902;65;88;30
210409;1;47;2;66;1;1850;1;1;0;1850;89;88;40
210414;2;66;1;78;0;445;2;2;0;3406;69;87;28
210509;2;67;2;79;0;700;2;2;0;5200;100;92;17
210603;2;34;3;77;1;1807;2;2;1;4097;28;63;10
210606;2;36;3;65;1;1363;2;2;2;1667;85;58;14
210607;1;49;2;75;1;685;2;2;3;3495;23;70;25
210701;1;67;3;71;0;1907;2;2;0;2381;93;88;35
210702;1;63;2;60;0;1680;2;2;0;1680;44;33;28
210703;2;60;1;64;0;1200;2;2;0;2700;93;78;50
210802;2;55;2;69;1;1450;1;1;0;1450;52;70;14
210905;2;64;2;71;0;1200;2;2;0;2400;27;62;28
210909;1;67;1;83;0;1310;-;4;0;1310;73;87;18
210910;2;31;2;71;1;1400;2;2;3;1922;93;63;12
211001;1;65;1;67;0;1604;2;2;0;1604;100;80;56
211002;2;36;3;75;1;2450;2;2;2;2754;48;83;15
211003;1;81;1;75;0;1490;2;2;0;2490;36;35;5
211004;2;74;1;40;0;1296;1;1;0;1296;100;70;28
211005;1;29;2;78;1;2950;2;2;1;3040;12;77;7
211303;2;27;2;78;1;1550;1;1;0;1550;97;85;30
211306;2;73;3;69;0;2100;1;1;0;2100;50;63;40
211309;2;66;3;60;0;1341;1;1;0;1341;89;72;45
211402;1;68;1;68;0;1300;2;2;0;2900;97;85;45
211404;1;61;2;65;1;2508;2;2;0;4808;97;80;28
211406;2;42;2;73;1;2200;1;1;2;2504;97;85;15
211501;2;55;2;87;0;1365;2;2;0;3065;15;85;45
211503;1;61;3;71;1;2430;2;3;0;6130;15;88;20
211504;1;37;2;93;1;2200;2;2;2;4504;97;82;20
211509;2;82;1;76;0;1100;1;1;0;1100;100;80;35
211602;1;35;3;84;1;2500;2;2;0;2500;97;83;25
211609;1;41;3;78;1;2000;2;2;1;4606;83;57;10
211701;2;57;2;62;0;575;1;1;0;575;15;23;68
211702;1;83;1;93;0;1300;1;1;0;1300;100;88;25
211708;2;28;2;79;1;1650;1;1;1;1740;-;-;6
211710;1;57;3;72;1;3090;2;3;0;3090;100;93;23
211801;1;52;2;74;0;800;2;2;0;3815;93;62;28
211804;2;45;2;69;1;1736;2;2;1;3444;11;77;21
211805;2;51;2;69;1;1600;2;3;0;3800;83;63;14
211807;1;66;3;74;0;1850;2;3;0;2750;15;80;45
211809;2;29;2;76;1;1530;2;2;2;3487;97;87;5
220103;2;28;1;69;0;1470;1;1;2;1743;93;65;0
220104;1;45;1;57;1;2000;2;2;1;3364;97;67;0
220107;2;77;3;58;0;1560;1;1;0;1560;85;37;10
220112;2;51;1;68;1;1650;2;2;2;2159;-;-;2
220113;1;33;1;60;0;1450;2;2;5;2542;100;68;10
220202;2;72;3;63;1;861;2;2;0;861;93;87;50
220205;2;24;3;76;1;1100;2;4;0;2800;100;72;20
220210;1;78;3;34;0;1300;1;1;0;1300;23;40;60
220302;2;67;1;65;0;830;-;2;0;1320;-;-;20
220305;2;63;2;48;0;1100;2;2;0;3300;93;67;15
220307;2;84;1;53;0;1450;1;1;0;1450;-;-;0
220310;2;59;1;61;1;1300;2;2;0;1700;93;67;10
220312;1;44;2;69;1;800;2;2;2;2804;100;73;10
220403;1;72;3;67;0;1400;1;1;0;1400;85;68;20
220404;2;69;1;57;0;900;1;1;0;900;-;-;0
220416;1;37;3;78;1;3900;2;2;0;3900;-;-;10
220417;2;46;1;77;1;1300;1;3;0;1646;-;-;10
220505;1;75;3;53;0;1900;2;2;0;3800;86;73;39
220509;1;71;2;53;0;1400;2;2;0;1400;43;67;39
220601;2;69;1;82;0;950;1;1;0;950;93;82;42
220603;2;52;2;88;0;835;2;2;0;2085;4;70;37
220605;1;39;2;41;1;2400;2;2;2;3654;100;90;33
220612;1;64;3;85;0;2100;1;1;0;2100;97;88;80
220701;1;47;2;71;1;1400;1;1;0;1400;97;78;49
220702;2;95;1;76;0;1250;1;1;0;1250;63;85;91
220706;2;52;1;11;1;1200;1;1;0;1200;78;8;42
220707;1;37;2;86;1;1590;2;2;0;1590;100;72;28
220801;2;81;1;71;0;1500;1;1;0;1500;3;72;98
220804;1;88;2;90;0;2300;2;2;0;2445;100;85;49
220901;2;81;1;63;0;1160;1;1;0;1160;-;-;15
220902;1;41;1;65;1;3000;2;2;4;3843;97;73;0
220909;1;26;2;72;1;1750;-;2;0;3600;-;-;10
220914;1;79;1;66;0;2030;2;2;0;2030;89;68;30
230102;2;37;1;49;0;1400;1;1;2;1681;19;25;15
230104;2;36;3;78;1;1950;2;2;2;4323;90;68;14
230106;2;41;2;73;1;1550;1;1;0;1550;100;78;25
230109;1;22;2;89;1;2000;2;2;0;2000;100;90;25
230110;2;73;3;77;0;2200;-;3;0;2200;90;85;45
230111;2;59;2;81;1;1700;2;2;0;3200;100;90;20
230203;2;74;1;21;0;1140;1;1;0;1140;43;63;36
230204;1;79;1;70;0;1200;2;2;0;3340;53;82;42
230210;1;67;2;61;0;1170;2;2;0;1170;67;68;6
230214;1;65;1;53;0;1405;2;2;0;1405;73;80;44
230303;2;60;2;84;1;2500;2;2;0;6500;100;82;25
230306;1;30;2;72;1;1750;3;3;0;4700;100;77;50
230307;2;61;2;70;1;1000;2;3;0;3468;100;72;7
230401;1;82;3;72;0;2100;1;1;0;2100;100;92;8
230403;2;74;2;71;0;1200;1;1;0;1200;97;97;40
230404;2;55;1;66;1;1400;2;2;0;3200;100;85;28
230505;1;66;1;74;0;1200;2;2;0;2300;97;78;42
230506;2;47;2;79;1;1250;1;2;1;1583;100;88;14
230508;1;37;3;73;1;2800;1;1;3;2800;90;38;21
230510;1;31;2;58;1;2050;1;1;2;2050;86;78;10
230511;1;84;1;87;0;1399;2;2;0;2798;100;90;53
230806;2;46;1;80;1;1200;2;2;1;3314;24;58;15
230808;1;41;3;89;1;833;2;2;2;2746;100;100;8
230809;2;39;3;68;1;2400;2;2;2;4713;97;83;14
230810;2;33;3;76;1;1300;2;2;2;3454;80;82;26
230811;2;30;1;92;1;1100;2;2;2;2604;86;93;40
230812;1;56;3;81;1;6000;2;5;0;4846;100;85;21
230861;1;59;3;50;1;1000;1;1;0;11000;93;50;5
230902;2;25;-;51;0;400;1;1;0;400;90;47;55
230903;1;67;3;63;0;2500;1;1;0;2500;100;93;52
230905;2;53;2;77;1;1700;1;2;0;3000;100;91;30
230906;2;47;2;65;0;1100;2;2;0;1710;11;72;80
230907;1;78;1;93;0;1400;2;2;0;1400;89;87;7
230908;1;72;2;72;0;1900;2;2;0;1900;89;93;40
230909;1;70;1;62;0;1000;2;2;0;2100;100;73;40
230918;1;38;3;54;1;1500;2;2;0;1550;85;68;24
231003;2;78;1;79;0;1250;1;1;0;1250;100;92;46
231009;2;65;3;76;0;1850;2;2;0;1850;93;87;4
231010;2;61;1;74;0;1500;2;2;0;2998;100;92;30
231102;2;41;2;76;1;1700;2;2;2;2004;100;62;6
231103;2;42;1;73;1;1000;2;4;0;1346;100;70;0
231106;2;26;3;79;1;2000;2;2;0;4650;100;85;1
231107;1;22;3;71;1;500;3;3;0;3300;82;67;6
231109;2;72;3;83;0;1700;2;2;0;3200;100;68;28
231110;2;43;1;76;1;1700;2;2;1;3714;100;62;4
231153;1;81;1;78;0;1010;1;1;0;1010;18;65;25
240108;1;76;3;71;0;1896;2;2;0;1896;39;78;20
240115;2;51;2;77;1;1700;2;2;1;2464;78;80;10
240203;1;93;1;70;0;1500;2;2;0;1500;59;60;21
240205;1;42;3;70;1;1950;2;2;1;3540;15;65;10
240210;1;82;1;67;0;1500;1;1;0;1500;3;60;20
240211;2;77;2;67;0;1200;1;1;0;1200;100;73;8
240215;2;76;1;69;0;3000;1;3;0;3000;73;80;35
240305;2;32;3;81;1;1820;2;2;1;1910;83;77;14
240309;2;38;2;83;1;1800;1;1;1;1914;100;90;26
240310;2;50;2;89;1;1800;2;2;1;2696;97;92;20
240312;2;49;2;75;1;1600;2;4;0;4696;100;90;17
240505;2;56;2;69;1;1945;1;2;1;2278;97;73;10
240605;2;47;3;76;1;2300;2;3;1;4833;93;83;20
240606;1;50;3;82;0;1500;1;1;1;1614;100;85;10
240701;1;57;3;62;1;5000;1;1;0;5000;89;83;5
240706;2;85;1;61;-;1240;1;1;0;1240;8;50;45
240711;2;60;1;73;1;2975;1;2;0;3093;100;92;14
240806;1;37;3;55;1;2000;1;1;2;2304;97;35;35
240808;1;48;3;86;1;2200;2;3;0;5618;100;87;10
240810;2;33;3;67;1;1550;2;2;2;1807;97;83;16
240811;2;33;2;66;1;1200;2;2;4;1513;69;87;10
240904;1;58;2;66;1;5000;1;1;0;10700;97;80;80
240906;1;50;2;76;1;500;1;2;0;618;100;80;20
240907;2;45;1;46;1;1100;2;2;0;3450;23;30;75
240909;1;48;2;50;1;2250;1;1;0;2250;100;87;45
240911;1;42;3;78;1;1800;2;2;2;4173;89;52;12
240913;2;67;1;68;0;1200;2;2;0;2700;90;68;30
240914;1;30;2;78;1;2000;3;6;1;13857;97;80;35
241005;1;66;3;62;0;1250;1;1;0;1250;82;35;40
241007;2;71;1;70;0;1350;2;2;0;3240;100;75;25
241008;1;72;2;74;1;2000;2;2;0;3200;60;83;30
241016;1;72;2;73;0;3450;2;2;0;7450;97;88;25
241066;2;33;3;85;0;1750;2;2;1;4240;93;77;15
250104;1;36;1;79;1;1700;2;2;3;4062;93;77;25
250106;2;40;3;90;1;1650;1;1;2;1979;100;88;30
250108;2;52;1;16;1;1000;2;3;1;1333;100;82;70
250109;2;33;3;72;1;3000;2;2;3;3522;100;87;2
250203;2;69;1;54;0;1220;1;1;0;1220;79;40;49
250302;1;57;3;72;0;1200;1;1;0;1200;100;87;25
250307;2;78;1;82;0;1450;1;1;0;1450;50;35;21
250310;1;54;1;11;0;1170;2;2;0;1170;0;18;0
250402;1;35;1;51;1;1900;2;2;2;2157;93;62;40
250403;1;64;1;83;0;1500;2;2;0;2700;97;77;40
250408;1;47;2;71;1;970;2;2;0;1870;100;67;40
250501;1;52;2;47;1;1200;1;1;0;1200;100;62;63
250502;2;53;1;57;1;1800;1;1;0;1800;100;77;49
250504;2;81;3;72;0;1520;1;1;0;1520;89;72;70
250505;1;71;1;62;0;1400;1;1;0;1400;100;77;105
250509;1;48;2;58;0;1450;1;2;0;1568;86;47;49
250511;1;31;2;74;1;1600;2;2;1;3090;100;80;35
250514;1;83;2;54;0;1700;2;2;0;3000;0;20;84
250515;1;27;1;76;0;1190;3;3;0;3390;89;73;70
250601;1;76;3;80;0;1800;2;2;0;3105;86;82;30
250603;1;54;2;47;1;1100;2;2;0;3060;93;68;40
250701;1;52;1;71;1;2300;1;1;0;2300;90;58;18
250702;2;52;1;73;1;1300;1;1;0;1300;65;43;10
250905;2;65;3;86;0;1100;2;2;0;3100;100;80;18
250906;1;39;2;73;1;1600;2;3;0;3400;100;82;17
250907;2;36;3;80;1;2400;2;2;0;4600;100;75;16
250909;2;87;1;70;0;1079;1;1;0;1079;93;67;28
251003;1;64;1;59;1;1500;1;1;0;1500;93;75;-
251010;1;39;3;70;1;2000;2;2;0;3750;93;67;2
251014;2;53;2;79;1;2250;2;2;0;2250;93;83;30
251104;1;19;2;76;1;300;3;2;0;1350;100;70;20
251107;2;68;1;71;0;1800;2;2;0;3463;97;75;28
251113;2;41;3;68;1;1500;2;3;1;2133;93;80;6
251203;2;59;1;88;0;900;1;1;0;900;100;75;21
251206;1;67;3;85;0;1400;2;2;0;2300;97;83;24
251211;2;86;1;74;0;1200;1;1;0;1200;93;67;24
251212;2;46;2;74;1;1300;1;1;0;1300;100;67;21
251213;2;25;2;79;0;450;2;2;0;3410;100;72;16
251215;2;65;1;78;0;1700;2;2;0;3100;97;73;18
251216;1;52;1;74;0;450;3;2;0;1450;100;68;30
251218;2;55;3;81;1;1367;2;3;0;3017;100;77;22
251220;1;49;3;83;1;1700;2;3;2;5414;100;67;19
260102;2;63;2;47;0;800;1;1;0;800;0;32;26
260105;2;27;2;59;0;1090;1;1;2;1347;97;48;14
260106;1;29;1;65;1;1450;2;2;1;3290;93;63;20
260107;1;77;1;49;0;1600;2;2;1;3094;89;33;24
260205;1;66;1;62;0;1650;2;2;0;2650;3;28;55
260309;2;77;1;59;0;1200;1;1;0;2420;8;48;42
260405;2;27;3;92;1;1800;3;2;0;3650;100;85;15
260408;1;33;2;26;1;1750;2;2;0;1750;0;33;15
260411;1;24;1;69;1;1500;3;4;0;3518;97;80;23
260503;2;26;1;62;1;920;-;2;0;920;48;33;7
260507;2;72;2;78;0;1335;1;1;0;1335;12;35;60
260510;1;34;2;77;1;3000;2;2;1;4390;80;72;20
260511;1;42;2;79;1;2200;2;2;2;4304;100;92;8
260512;1;44;2;80;1;2400;2;3;2;3181;100;83;12
260516;2;34;2;71;1;1880;2;2;4;2652;93;67;12
260518;2;59;2;70;0;500;2;5;0;846;45;73;45
260519;2;45;3;86;1;2067;2;2;0;4667;97;87;30
260718;2;41;3;84;1;1650;2;2;2;3329;100;78;12
260721;2;32;3;55;0;1080;1;1;1;1186;93;38;18
270107;2;53;1;68;0;1400;1;2;0;1518;65;42;28
270112;2;45;2;84;0;880;2;2;0;880;12;93;14
270204;2;49;3;70;1;1750;2;3;1;4433;100;78;5
270208;2;73;2;78;0;1000;2;2;0;2200;33;77;18
270209;1;64;1;74;0;1465;1;1;0;1465;93;85;15
270303;2;67;1;75;0;1000;2;2;0;2400;-;-;21
270306;1;63;1;77;1;2400;2;2;0;4000;100;77;10
270309;1;83;1;48;0;1160;1;1;0;1160;26;35;0
270401;1;60;2;34;0;1225;1;1;0;1225;48;40;60
270403;2;72;1;68;0;1310;1;1;0;1310;56;80;6
270503;2;69;3;51;0;1500;1;1;0;1500;82;77;6
270601;1;78;3;54;0;1855;2;2;0;1855;15;33;35
270606;1;62;2;92;0;1100;2;2;0;3050;100;87;21
270707;1;65;1;83;0;1250;2;2;0;1250;36;75;85
270709;2;46;-;77;1;2400;1;2;1;2733;100;97;10
270803;2;83;1;65;0;1400;1;1;0;1400;34;45;14
270806;2;63;1;79;0;1100;2;2;0;3000;100;100;30
270901;2;38;1;53;1;1600;1;1;1;1706;100;43;40
280104;2;64;2;74;1;1558;1;1;0;1558;86;68;60
280106;2;35;3;71;1;1800;2;2;2;4804;47;38;15
280210;2;60;1;66;0;1180;2;2;0;1180;29;75;35
280211;2;40;3;70;1;1500;1;2;1;1833;67;60;17
280215;1;47;3;73;1;2400;2;4;0;3726;97;83;10
280216;1;43;3;76;1;2200;2;2;2;3613;100;80;20
280301;1;63;1;72;0;1400;1;1;1;1514;90;100;28
280302;1;23;2;76;1;1600;3;3;0;4195;86;70;48
280401;1;63;1;20;0;1250;-;3;0;3720;65;57;18
280405;1;46;3;76;1;2400;1;1;0;2400;-;-;25
280407;2;80;3;75;0;750;1;1;0;750;39;68;8
280409;2;69;3;76;0;1900;1;1;0;1900;93;75;21
280412;1;81;1;56;0;1450;1;2;0;2370;15;35;28
280413;1;61;1;62;1;3400;2;2;0;4300;100;82;32
280414;2;42;1;68;1;1850;1;1;0;1850;-;-;18
280415;2;55;3;75;1;3100;2;3;0;7218;82;75;9
280417;2;37;2;77;1;1950;1;1;1;2064;100;80;16
280418;1;58;1;57;0;1500;2;2;3;3362;100;75;10
280503;2;63;1;49;0;1050;1;1;0;1050;44;50;14
280504;2;43;3;90;1;2050;1;1;1;2156;100;85;12
280510;1;83;3;62;0;3500;2;2;0;3500;100;83;26
280603;2;79;3;84;0;1700;1;1;0;1700;100;77;40
280605;2;30;3;86;1;350;2;2;3;3404;-;-;15
280606;2;65;1;73;0;1250;1;1;0;1250;89;75;18
280607;2;58;3;77;1;1200;1;2;0;1200;100;85;30
280610;2;35;3;84;1;1600;1;1;0;1600;100;75;19
280612;1;54;2;68;1;1290;1;1;0;1290;100;73;24
280615;1;58;1;65;1;1800;2;2;0;3600;100;73;21
280617;2;43;3;71;1;2450;2;2;0;26450;100;78;16
280618;1;32;1;75;1;1650;2;2;3;3222;100;75;14
300103;1;69;1;70;0;1250;1;1;0;1250;15;32;40
300105;2;45;3;70;1;2200;1;1;2;2529;100;82;10
300106;1;25;3;79;1;2450;3;2;0;5150;93;82;20
300107;2;40;2;62;1;1400;1;1;2;1729;86;85;30
300108;2;36;3;63;1;1500;1;1;2;1813;97;75;8
300109;2;55;3;85;1;4000;2;2;1;9364;100;78;10
300110;2;53;3;81;1;2800;2;5;0;7156;59;85;20
300111;2;42;3;62;1;1800;2;2;3;2410;65;72;8
300202;2;69;1;75;0;1100;2;2;0;2300;-;-;14
300203;2;50;3;76;0;1400;1;2;1;1733;-;-;40
300204;2;54;2;86;1;2400;2;3;0;3950;100;82;21
300206;2;46;3;92;1;1900;1;1;3;2510;86;97;36
300207;2;53;3;66;1;1400;2;3;1;1733;-;-;40
300209;1;73;1;71;0;1500;2;2;0;2300;93;82;24
300211;1;35;3;72;1;2700;2;2;1;2806;-;-;11
300212;2;36;3;70;1;2000;1;1;3;2585;-;-;5
300301;1;60;3;77;1;4500;1;1;0;4500;97;87;17
300302;2;88;1;83;0;1019;1;1;0;1019;39;58;35
300303;2;85;1;61;0;1440;1;1;0;1440;86;72;26
300305;2;79;2;93;0;1400;2;2;0;3700;33;73;30
300308;1;35;3;83;1;4200;2;2;3;4754;100;82;10
300403;1;41;3;87;1;1000;2;2;0;3000;89;80;4
300404;2;56;3;73;1;2300;2;2;0;5600;-;-;30
300405;1;57;1;64;1;1800;2;2;0;1800;-;-;28
300503;1;84;1;64;0;1300;2;2;0;1300;-;-;30
300512;2;86;1;51;0;1200;2;2;0;1200;-;-;30
300603;2;47;3;75;1;2700;1;2;0;2700;97;77;15
300705;1;58;3;66;1;3500;2;2;0;3500;79;80;8
300706;2;70;3;73;0;2100;2;2;0;3340;36;73;2
300708;1;63;1;86;0;1500;2;2;0;1500;96;80;2
300709;2;45;3;76;1;1800;2;2;2;2104;100;85;10
300803;1;66;1;76;0;1320;1;1;0;3320;100;40;7
300807;2;74;1;39;0;905;2;2;0;2195;15;63;39
300811;2;37;3;66;1;2400;2;2;2;4562;89;78;8
300902;2;43;3;72;1;2200;2;2;2;6854;73;82;16
300903;1;37;2;79;1;3083;2;2;2;3781;100;90;15
300907;1;71;3;71;0;2300;2;2;0;2387;82;83;55
301005;1;53;3;64;1;2500;1;1;0;2500;100;85;12
301011;1;63;1;70;1;1800;2;2;0;1800;100;90;0
301015;1;57;3;65;1;2400;2;3;0;3018;100;67;5
310103;1;31;3;77;1;1800;1;1;0;1800;89;72;21
310106;2;61;1;78;1;2000;1;1;0;2000;90;88;21
310110;1;82;3;81;0;1950;2;2;0;3750;100;90;5
310111;1;70;2;73;0;1092;2;2;0;2592;58;58;28
310114;1;35;3;85;1;2282;2;2;1;2372;100;82;24
310204;2;60;3;83;0;1600;2;2;0;4200;100;82;30
310205;2;88;1;81;0;2000;1;2;0;3700;89;68;23
310207;1;49;3;81;1;2200;2;2;0;3900;100;80;18
310305;1;50;3;87;1;3200;2;2;0;5650;93;82;50
310307;2;64;3;80;0;1360;2;2;0;1360;93;90;40